{
  "matrix": [
    [
      1.0,
      0.9760806560516357,
      0.9100290536880493,
      0.7772475481033325,
      0.637792706489563,
      0.5981243848800659,
      0.5686910152435303,
      0.5840298533439636,
      0.583062469959259,
      0.6299890279769897,
      0.6230506896972656,
      0.6400036811828613,
      0.629715621471405,
      0.6225333213806152,
      0.6156909465789795,
      0.5818166136741638
    ],
    [
      0.9760806560516357,
      1.0,
      0.9627447724342346,
      0.851463794708252,
      0.7179327011108398,
      0.681485116481781,
      0.6527665257453918,
      0.6654680967330933,
      0.6541638374328613,
      0.704422652721405,
      0.6907438039779663,
      0.7042533755302429,
      0.6875951290130615,
      0.6734272241592407,
      0.6699102520942688,
      0.634703516960144
    ],
    [
      0.9100290536880493,
      0.9627447724342346,
      1.0000001192092896,
      0.9220880270004272,
      0.7989023327827454,
      0.768023669719696,
      0.7404796481132507,
      0.7479521632194519,
      0.7280935645103455,
      0.7794575095176697,
      0.764532744884491,
      0.7773420810699463,
      0.7586876749992371,
      0.7413718700408936,
      0.7382369637489319,
      0.7024821043014526
    ],
    [
      0.7772475481033325,
      0.851463794708252,
      0.9220880270004272,
      0.9999998807907104,
      0.9053096771240234,
      0.8825239539146423,
      0.8535915613174438,
      0.8496068716049194,
      0.8169757723808289,
      0.8498942852020264,
      0.8339468240737915,
      0.8379363417625427,
      0.8116020560264587,
      0.7891244292259216,
      0.7901977896690369,
      0.7578812837600708
    ],
    [
      0.637792706489563,
      0.7179327011108398,
      0.7989023327827454,
      0.9053096771240234,
      1.0,
      0.9600770473480225,
      0.9221827387809753,
      0.905280590057373,
      0.8675249814987183,
      0.8747578263282776,
      0.8562585711479187,
      0.8504883050918579,
      0.8246809244155884,
      0.7988466620445251,
      0.8022727966308594,
      0.7753771543502808
    ],
    [
      0.5981243848800659,
      0.681485116481781,
      0.768023669719696,
      0.8825239539146423,
      0.9600770473480225,
      0.9999999403953552,
      0.9666749835014343,
      0.9459899663925171,
      0.8890240788459778,
      0.891718864440918,
      0.8725313544273376,
      0.8665063381195068,
      0.843189001083374,
      0.818198561668396,
      0.8199472427368164,
      0.7900004386901855
    ],
    [
      0.5686910152435303,
      0.6527665257453918,
      0.7404796481132507,
      0.8535915613174438,
      0.9221827387809753,
      0.9666749835014343,
      1.0,
      0.9740540981292725,
      0.9121716022491455,
      0.9071553945541382,
      0.8891385197639465,
      0.8793550729751587,
      0.8557104468345642,
      0.8294236660003662,
      0.831829845905304,
      0.8020070195198059
    ],
    [
      0.5840298533439636,
      0.6654680967330933,
      0.7479521632194519,
      0.8496068716049194,
      0.905280590057373,
      0.9459899663925171,
      0.9740540981292725,
      1.0000001192092896,
      0.9316232800483704,
      0.9277629852294922,
      0.912308931350708,
      0.9031916856765747,
      0.8812024593353271,
      0.8547568321228027,
      0.8563060164451599,
      0.8287012577056885
    ],
    [
      0.583062469959259,
      0.6541638374328613,
      0.7280935645103455,
      0.8169757723808289,
      0.8675249814987183,
      0.8890240788459778,
      0.9121716022491455,
      0.9316232800483704,
      1.0,
      0.9735842943191528,
      0.9608403444290161,
      0.940882682800293,
      0.9160264730453491,
      0.8864673376083374,
      0.8856658339500427,
      0.8490522503852844
    ],
    [
      0.6299890279769897,
      0.704422652721405,
      0.7794575095176697,
      0.8498942852020264,
      0.8747578263282776,
      0.891718864440918,
      0.9071553945541382,
      0.9277629852294922,
      0.9735842943191528,
      1.0,
      0.9826004505157471,
      0.9691984057426453,
      0.9452924132347107,
      0.9168606996536255,
      0.9173281788825989,
      0.8754072785377502
    ],
    [
      0.6230506896972656,
      0.6907438039779663,
      0.764532744884491,
      0.8339468240737915,
      0.8562585711479187,
      0.8725313544273376,
      0.8891385197639465,
      0.912308931350708,
      0.9608403444290161,
      0.9826004505157471,
      1.0,
      0.985243022441864,
      0.9659489393234253,
      0.9424183964729309,
      0.9407174587249756,
      0.9010854959487915
    ],
    [
      0.6400036811828613,
      0.7042533755302429,
      0.7773420810699463,
      0.8379363417625427,
      0.8504883050918579,
      0.8665063381195068,
      0.8793550729751587,
      0.9031916856765747,
      0.940882682800293,
      0.9691984057426453,
      0.985243022441864,
      1.0000001192092896,
      0.9816622734069824,
      0.9611203670501709,
      0.9581021666526794,
      0.913565456867218
    ],
    [
      0.629715621471405,
      0.6875951290130615,
      0.7586876749992371,
      0.8116020560264587,
      0.8246809244155884,
      0.843189001083374,
      0.8557104468345642,
      0.8812024593353271,
      0.9160264730453491,
      0.9452924132347107,
      0.9659489393234253,
      0.9816622734069824,
      1.0,
      0.985047459602356,
      0.977678120136261,
      0.935860276222229
    ],
    [
      0.6225333213806152,
      0.6734272241592407,
      0.7413718700408936,
      0.7891244292259216,
      0.7988466620445251,
      0.818198561668396,
      0.8294236660003662,
      0.8547568321228027,
      0.8864673376083374,
      0.9168606996536255,
      0.9424183964729309,
      0.9611203670501709,
      0.985047459602356,
      1.0,
      0.9896952509880066,
      0.9479551315307617
    ],
    [
      0.6156909465789795,
      0.6699102520942688,
      0.7382369637489319,
      0.7901977896690369,
      0.8022727966308594,
      0.8199472427368164,
      0.831829845905304,
      0.8563060164451599,
      0.8856658339500427,
      0.9173281788825989,
      0.9407174587249756,
      0.9581021666526794,
      0.977678120136261,
      0.9896952509880066,
      0.9999999403953552,
      0.9657664895057678
    ],
    [
      0.5818166136741638,
      0.634703516960144,
      0.7024821043014526,
      0.7578812837600708,
      0.7753771543502808,
      0.7900004386901855,
      0.8020070195198059,
      0.8287012577056885,
      0.8490522503852844,
      0.8754072785377502,
      0.9010854959487915,
      0.913565456867218,
      0.935860276222229,
      0.9479551315307617,
      0.9657664895057678,
      1.0
    ]
  ],
  "x_labels": [
    "L1",
    "L2",
    "L3",
    "L4",
    "L5",
    "L6",
    "L7",
    "L8",
    "L9",
    "L10",
    "L11",
    "L12",
    "L13",
    "L14",
    "L15",
    "L16"
  ],
  "y_labels": [
    "L1",
    "L2",
    "L3",
    "L4",
    "L5",
    "L6",
    "L7",
    "L8",
    "L9",
    "L10",
    "L11",
    "L12",
    "L13",
    "L14",
    "L15",
    "L16"
  ],
  "metric": "cka",
  "title": "CKA within: meta-llama/Llama-3.2-1B [hi]",
  "model_a": "meta-llama/Llama-3.2-1B",
  "model_b": null,
  "info": {}
}