<html>
<head><meta charset="utf-8" /></head>
<body>
    <div>                        <script type="text/javascript">window.PlotlyConfig = {MathJaxConfig: 'local'};</script>
        <script charset="utf-8" src="https://cdn.plot.ly/plotly-2.32.0.min.js"></script>                <div id="f8129056-a9c1-4494-9ee8-e4dae9b7d807" class="plotly-graph-div" style="height:100%; width:100%;"></div>            <script type="text/javascript">                                    window.PLOTLYENV=window.PLOTLYENV || {};                                    if (document.getElementById("f8129056-a9c1-4494-9ee8-e4dae9b7d807")) {                    Plotly.newPlot(                        "f8129056-a9c1-4494-9ee8-e4dae9b7d807",                        [{"colorscale":[[0.0,"#440154"],[0.1111111111111111,"#482878"],[0.2222222222222222,"#3e4989"],[0.3333333333333333,"#31688e"],[0.4444444444444444,"#26828e"],[0.5555555555555556,"#1f9e89"],[0.6666666666666666,"#35b779"],[0.7777777777777778,"#6ece58"],[0.8888888888888888,"#b5de2b"],[1.0,"#fde725"]],"x":["L1","L2","L3","L4","L5","L6","L7","L8","L9","L10","L11","L12","L13","L14","L15","L16"],"y":["L1","L2","L3","L4","L5","L6","L7","L8","L9","L10","L11","L12","L13","L14","L15","L16"],"z":[[0.9999839067459106,0.8718944787979126,0.7141504883766174,0.5657307505607605,0.41681721806526184,0.37596940994262695,0.3476409614086151,0.346773236989975,0.3193093240261078,0.3403851389884949,0.3297375738620758,0.3319501280784607,0.318368524312973,0.2992129921913147,0.3030133545398712,0.2689985930919647],[0.8718944787979126,0.9999838471412659,0.9234330058097839,0.7839616537094116,0.623866856098175,0.5824093818664551,0.5505477786064148,0.5510759353637695,0.5169540643692017,0.5586510896682739,0.5387205481529236,0.5368392467498779,0.5202440023422241,0.49426764249801636,0.5028961896896362,0.4624173641204834],[0.7141504883766174,0.9234330058097839,0.9999838471412659,0.8940902948379517,0.7408234477043152,0.695564329624176,0.6591094732284546,0.6541900038719177,0.6274884343147278,0.6802181005477905,0.6518020033836365,0.6489322781562805,0.6290116906166077,0.6009206175804138,0.6123019456863403,0.5670561790466309],[0.5657307505607605,0.7839616537094116,0.8940902948379517,0.9999839067459106,0.8797188401222229,0.8359223008155823,0.7949923276901245,0.7797252535820007,0.7516146898269653,0.7887938618659973,0.762047290802002,0.7526460886001587,0.73019939661026,0.7036623954772949,0.7130346298217773,0.6713239550590515],[0.41681721806526184,0.623866856098175,0.7408234477043152,0.8797188401222229,0.9999840259552002,0.950258731842041,0.8999794125556946,0.8708940148353577,0.8391472697257996,0.8464595079421997,0.8232243657112122,0.8133077025413513,0.7923426628112793,0.7686783671379089,0.7713403701782227,0.7306012511253357],[0.37596940994262695,0.5824093818664551,0.695564329624176,0.8359223008155823,0.950258731842041,0.9999838471412659,0.9518376588821411,0.9190896153450012,0.8647121787071228,0.8621325492858887,0.8417697548866272,0.8318621516227722,0.8134630918502808,0.7910557389259338,0.7878283262252808,0.7468605041503906],[0.3476409614086151,0.5505477786064148,0.6591094732284546,0.7949923276901245,0.8999794125556946,0.9518376588821411,0.9999839067459106,0.96431964635849,0.9000571370124817,0.8878859877586365,0.8709920048713684,0.8592157959938049,0.8398404121398926,0.8174331188201904,0.8119078874588013,0.7720434069633484],[0.346773236989975,0.5510759353637695,0.6541900038719177,0.7797252535820007,0.8708940148353577,0.9190896153450012,0.96431964635849,0.9999838471412659,0.9171581268310547,0.90474534034729,0.8894089460372925,0.8784456253051758,0.8611295819282532,0.8391795754432678,0.8325719237327576,0.7970805168151855],[0.3193093240261078,0.5169540643692017,0.6274884343147278,0.7516146898269653,0.8391472697257996,0.8647121787071228,0.9000571370124817,0.9171581268310547,0.9999839067459106,0.9703155159950256,0.9585767984390259,0.9404094219207764,0.9171535968780518,0.8915945887565613,0.8840242028236389,0.838231086730957],[0.3403851389884949,0.5586510896682739,0.6802181005477905,0.7887938618659973,0.8464595079421997,0.8621325492858887,0.8878859877586365,0.90474534034729,0.9703155159950256,0.9999837279319763,0.9799374341964722,0.9655038118362427,0.9448854327201843,0.9199491739273071,0.9164302349090576,0.8666202425956726],[0.3297375738620758,0.5387205481529236,0.6518020033836365,0.762047290802002,0.8232243657112122,0.8417697548866272,0.8709920048713684,0.8894089460372925,0.9585767984390259,0.9799374341964722,0.9999838471412659,0.985828697681427,0.9660627841949463,0.945156991481781,0.9394299983978271,0.8908584117889404],[0.3319501280784607,0.5368392467498779,0.6489322781562805,0.7526460886001587,0.8133077025413513,0.8318621516227722,0.8592157959938049,0.8784456253051758,0.9404094219207764,0.9655038118362427,0.985828697681427,0.9999840259552002,0.98094642162323,0.9621548652648926,0.95562744140625,0.9017777442932129],[0.318368524312973,0.5202440023422241,0.6290116906166077,0.73019939661026,0.7923426628112793,0.8134630918502808,0.8398404121398926,0.8611295819282532,0.9171535968780518,0.9448854327201843,0.9660627841949463,0.98094642162323,0.9999837279319763,0.9843307137489319,0.9742775559425354,0.9222803115844727],[0.2992129921913147,0.49426764249801636,0.6009206175804138,0.7036623954772949,0.7686783671379089,0.7910557389259338,0.8174331188201904,0.8391795754432678,0.8915945887565613,0.9199491739273071,0.945156991481781,0.9621548652648926,0.9843307137489319,0.9999839067459106,0.98759526014328,0.9404909610748291],[0.3030133545398712,0.5028961896896362,0.6123019456863403,0.7130346298217773,0.7713403701782227,0.7878283262252808,0.8119078874588013,0.8325719237327576,0.8840242028236389,0.9164302349090576,0.9394299983978271,0.95562744140625,0.9742775559425354,0.98759526014328,0.9999838471412659,0.9634872078895569],[0.2689985930919647,0.4624173641204834,0.5670561790466309,0.6713239550590515,0.7306012511253357,0.7468605041503906,0.7720434069633484,0.7970805168151855,0.838231086730957,0.8666202425956726,0.8908584117889404,0.9017777442932129,0.9222803115844727,0.9404909610748291,0.9634872078895569,0.9999838471412659]],"type":"heatmap"}],                        {"template":{"data":{"histogram2dcontour":[{"type":"histogram2dcontour","colorbar":{"outlinewidth":0,"ticks":""},"colorscale":[[0.0,"#0d0887"],[0.1111111111111111,"#46039f"],[0.2222222222222222,"#7201a8"],[0.3333333333333333,"#9c179e"],[0.4444444444444444,"#bd3786"],[0.5555555555555556,"#d8576b"],[0.6666666666666666,"#ed7953"],[0.7777777777777778,"#fb9f3a"],[0.8888888888888888,"#fdca26"],[1.0,"#f0f921"]]}],"choropleth":[{"type":"choropleth","colorbar":{"outlinewidth":0,"ticks":""}}],"histogram2d":[{"type":"histogram2d","colorbar":{"outlinewidth":0,"ticks":""},"colorscale":[[0.0,"#0d0887"],[0.1111111111111111,"#46039f"],[0.2222222222222222,"#7201a8"],[0.3333333333333333,"#9c179e"],[0.4444444444444444,"#bd3786"],[0.5555555555555556,"#d8576b"],[0.6666666666666666,"#ed7953"],[0.7777777777777778,"#fb9f3a"],[0.8888888888888888,"#fdca26"],[1.0,"#f0f921"]]}],"heatmap":[{"type":"heatmap","colorbar":{"outlinewidth":0,"ticks":""},"colorscale":[[0.0,"#0d0887"],[0.1111111111111111,"#46039f"],[0.2222222222222222,"#7201a8"],[0.3333333333333333,"#9c179e"],[0.4444444444444444,"#bd3786"],[0.5555555555555556,"#d8576b"],[0.6666666666666666,"#ed7953"],[0.7777777777777778,"#fb9f3a"],[0.8888888888888888,"#fdca26"],[1.0,"#f0f921"]]}],"heatmapgl":[{"type":"heatmapgl","colorbar":{"outlinewidth":0,"ticks":""},"colorscale":[[0.0,"#0d0887"],[0.1111111111111111,"#46039f"],[0.2222222222222222,"#7201a8"],[0.3333333333333333,"#9c179e"],[0.4444444444444444,"#bd3786"],[0.5555555555555556,"#d8576b"],[0.6666666666666666,"#ed7953"],[0.7777777777777778,"#fb9f3a"],[0.8888888888888888,"#fdca26"],[1.0,"#f0f921"]]}],"contourcarpet":[{"type":"contourcarpet","colorbar":{"outlinewidth":0,"ticks":""}}],"contour":[{"type":"contour","colorbar":{"outlinewidth":0,"ticks":""},"colorscale":[[0.0,"#0d0887"],[0.1111111111111111,"#46039f"],[0.2222222222222222,"#7201a8"],[0.3333333333333333,"#9c179e"],[0.4444444444444444,"#bd3786"],[0.5555555555555556,"#d8576b"],[0.6666666666666666,"#ed7953"],[0.7777777777777778,"#fb9f3a"],[0.8888888888888888,"#fdca26"],[1.0,"#f0f921"]]}],"surface":[{"type":"surface","colorbar":{"outlinewidth":0,"ticks":""},"colorscale":[[0.0,"#0d0887"],[0.1111111111111111,"#46039f"],[0.2222222222222222,"#7201a8"],[0.3333333333333333,"#9c179e"],[0.4444444444444444,"#bd3786"],[0.5555555555555556,"#d8576b"],[0.6666666666666666,"#ed7953"],[0.7777777777777778,"#fb9f3a"],[0.8888888888888888,"#fdca26"],[1.0,"#f0f921"]]}],"mesh3d":[{"type":"mesh3d","colorbar":{"outlinewidth":0,"ticks":""}}],"scatter":[{"fillpattern":{"fillmode":"overlay","size":10,"solidity":0.2},"type":"scatter"}],"parcoords":[{"type":"parcoords","line":{"colorbar":{"outlinewidth":0,"ticks":""}}}],"scatterpolargl":[{"type":"scatterpolargl","marker":{"colorbar":{"outlinewidth":0,"ticks":""}}}],"bar":[{"error_x":{"color":"#2a3f5f"},"error_y":{"color":"#2a3f5f"},"marker":{"line":{"color":"#E5ECF6","width":0.5},"pattern":{"fillmode":"overlay","size":10,"solidity":0.2}},"type":"bar"}],"scattergeo":[{"type":"scattergeo","marker":{"colorbar":{"outlinewidth":0,"ticks":""}}}],"scatterpolar":[{"type":"scatterpolar","marker":{"colorbar":{"outlinewidth":0,"ticks":""}}}],"histogram":[{"marker":{"pattern":{"fillmode":"overlay","size":10,"solidity":0.2}},"type":"histogram"}],"scattergl":[{"type":"scattergl","marker":{"colorbar":{"outlinewidth":0,"ticks":""}}}],"scatter3d":[{"type":"scatter3d","line":{"colorbar":{"outlinewidth":0,"ticks":""}},"marker":{"colorbar":{"outlinewidth":0,"ticks":""}}}],"scattermapbox":[{"type":"scattermapbox","marker":{"colorbar":{"outlinewidth":0,"ticks":""}}}],"scatterternary":[{"type":"scatterternary","marker":{"colorbar":{"outlinewidth":0,"ticks":""}}}],"scattercarpet":[{"type":"scattercarpet","marker":{"colorbar":{"outlinewidth":0,"ticks":""}}}],"carpet":[{"aaxis":{"endlinecolor":"#2a3f5f","gridcolor":"white","linecolor":"white","minorgridcolor":"white","startlinecolor":"#2a3f5f"},"baxis":{"endlinecolor":"#2a3f5f","gridcolor":"white","linecolor":"white","minorgridcolor":"white","startlinecolor":"#2a3f5f"},"type":"carpet"}],"table":[{"cells":{"fill":{"color":"#EBF0F8"},"line":{"color":"white"}},"header":{"fill":{"color":"#C8D4E3"},"line":{"color":"white"}},"type":"table"}],"barpolar":[{"marker":{"line":{"color":"#E5ECF6","width":0.5},"pattern":{"fillmode":"overlay","size":10,"solidity":0.2}},"type":"barpolar"}],"pie":[{"automargin":true,"type":"pie"}]},"layout":{"autotypenumbers":"strict","colorway":["#636efa","#EF553B","#00cc96","#ab63fa","#FFA15A","#19d3f3","#FF6692","#B6E880","#FF97FF","#FECB52"],"font":{"color":"#2a3f5f"},"hovermode":"closest","hoverlabel":{"align":"left"},"paper_bgcolor":"white","plot_bgcolor":"#E5ECF6","polar":{"bgcolor":"#E5ECF6","angularaxis":{"gridcolor":"white","linecolor":"white","ticks":""},"radialaxis":{"gridcolor":"white","linecolor":"white","ticks":""}},"ternary":{"bgcolor":"#E5ECF6","aaxis":{"gridcolor":"white","linecolor":"white","ticks":""},"baxis":{"gridcolor":"white","linecolor":"white","ticks":""},"caxis":{"gridcolor":"white","linecolor":"white","ticks":""}},"coloraxis":{"colorbar":{"outlinewidth":0,"ticks":""}},"colorscale":{"sequential":[[0.0,"#0d0887"],[0.1111111111111111,"#46039f"],[0.2222222222222222,"#7201a8"],[0.3333333333333333,"#9c179e"],[0.4444444444444444,"#bd3786"],[0.5555555555555556,"#d8576b"],[0.6666666666666666,"#ed7953"],[0.7777777777777778,"#fb9f3a"],[0.8888888888888888,"#fdca26"],[1.0,"#f0f921"]],"sequentialminus":[[0.0,"#0d0887"],[0.1111111111111111,"#46039f"],[0.2222222222222222,"#7201a8"],[0.3333333333333333,"#9c179e"],[0.4444444444444444,"#bd3786"],[0.5555555555555556,"#d8576b"],[0.6666666666666666,"#ed7953"],[0.7777777777777778,"#fb9f3a"],[0.8888888888888888,"#fdca26"],[1.0,"#f0f921"]],"diverging":[[0,"#8e0152"],[0.1,"#c51b7d"],[0.2,"#de77ae"],[0.3,"#f1b6da"],[0.4,"#fde0ef"],[0.5,"#f7f7f7"],[0.6,"#e6f5d0"],[0.7,"#b8e186"],[0.8,"#7fbc41"],[0.9,"#4d9221"],[1,"#276419"]]},"xaxis":{"gridcolor":"white","linecolor":"white","ticks":"","title":{"standoff":15},"zerolinecolor":"white","automargin":true,"zerolinewidth":2},"yaxis":{"gridcolor":"white","linecolor":"white","ticks":"","title":{"standoff":15},"zerolinecolor":"white","automargin":true,"zerolinewidth":2},"scene":{"xaxis":{"backgroundcolor":"#E5ECF6","gridcolor":"white","linecolor":"white","showbackground":true,"ticks":"","zerolinecolor":"white","gridwidth":2},"yaxis":{"backgroundcolor":"#E5ECF6","gridcolor":"white","linecolor":"white","showbackground":true,"ticks":"","zerolinecolor":"white","gridwidth":2},"zaxis":{"backgroundcolor":"#E5ECF6","gridcolor":"white","linecolor":"white","showbackground":true,"ticks":"","zerolinecolor":"white","gridwidth":2}},"shapedefaults":{"line":{"color":"#2a3f5f"}},"annotationdefaults":{"arrowcolor":"#2a3f5f","arrowhead":0,"arrowwidth":1},"geo":{"bgcolor":"white","landcolor":"#E5ECF6","subunitcolor":"white","showland":true,"showlakes":true,"lakecolor":"white"},"title":{"x":0.05},"mapbox":{"style":"light"}}},"margin":{"l":60,"r":40,"t":60,"b":60},"title":{"text":"RSA (Spearman, 1\u2212cos) within: meta-llama\u002fLlama-3.2-1B [hi]"},"xaxis":{"title":{"text":"Layer (X)"}},"yaxis":{"title":{"text":"Layer (Y)"}}},                        {"responsive": true}                    )                };                            </script>        </div>
</body>
</html>