{
  "matrix": [
    [
      0.9999837279319763,
      0.8722894787788391,
      0.7152329683303833,
      0.5658501386642456,
      0.41761207580566406,
      0.3768901526927948,
      0.3485212028026581,
      0.3477955460548401,
      0.3200574517250061,
      0.3414018154144287,
      0.33057844638824463,
      0.3328106701374054,
      0.31924766302108765,
      0.30003926157951355,
      0.3038896322250366,
      0.2697276473045349
    ],
    [
      0.8722894787788391,
      0.9999838471412659,
      0.9236951470375061,
      0.7839367985725403,
      0.6242117285728455,
      0.5828468203544617,
      0.5510220527648926,
      0.5516371726989746,
      0.5169916152954102,
      0.5591706037521362,
      0.5389906167984009,
      0.5373331904411316,
      0.5207235813140869,
      0.494680792093277,
      0.5034505724906921,
      0.4628932476043701
    ],
    [
      0.7152329683303833,
      0.9236951470375061,
      0.9999841451644897,
      0.8939234614372253,
      0.7407357096672058,
      0.6956300139427185,
      0.6591839790344238,
      0.6543222069740295,
      0.6269423961639404,
      0.6801766753196716,
      0.651606023311615,
      0.6489602327346802,
      0.6289490461349487,
      0.6008585095405579,
      0.6123266816139221,
      0.5671139359474182
    ],
    [
      0.5658501386642456,
      0.7839367985725403,
      0.8939234614372253,
      0.9999840259552002,
      0.8798288702964783,
      0.836180567741394,
      0.795282781124115,
      0.7800455689430237,
      0.751314103603363,
      0.7890105247497559,
      0.7620923519134521,
      0.7528183460235596,
      0.7303680181503296,
      0.7038135528564453,
      0.7132775783538818,
      0.671609103679657
    ],
    [
      0.41761207580566406,
      0.6242117285728455,
      0.7407357096672058,
      0.8798288702964783,
      0.9999842047691345,
      0.9502753019332886,
      0.8999213576316833,
      0.8708793520927429,
      0.8388403654098511,
      0.8464382290840149,
      0.8231384754180908,
      0.8133194446563721,
      0.7923365831375122,
      0.7686680555343628,
      0.7713538408279419,
      0.7306421995162964
    ],
    [
      0.3768901526927948,
      0.5828468203544617,
      0.6956300139427185,
      0.836180567741394,
      0.9502753019332886,
      0.9999836087226868,
      0.951775312423706,
      0.9190883040428162,
      0.8645089864730835,
      0.8620960712432861,
      0.841741144657135,
      0.831882894039154,
      0.8134405016899109,
      0.7910352349281311,
      0.7878000140190125,
      0.7468955516815186
    ],
    [
      0.3485212028026581,
      0.5510220527648926,
      0.6591839790344238,
      0.795282781124115,
      0.8999213576316833,
      0.951775312423706,
      0.9999837279319763,
      0.9642890095710754,
      0.9000157713890076,
      0.8878757357597351,
      0.871073305606842,
      0.8592993021011353,
      0.8398728370666504,
      0.817477822303772,
      0.8119130730628967,
      0.7720595598220825
    ],
    [
      0.3477955460548401,
      0.5516371726989746,
      0.6543222069740295,
      0.7800455689430237,
      0.8708793520927429,
      0.9190883040428162,
      0.9642890095710754,
      0.9999839067459106,
      0.9172223210334778,
      0.9047746062278748,
      0.8894525170326233,
      0.8785015940666199,
      0.8611103892326355,
      0.8391332626342773,
      0.8325004577636719,
      0.7970671057701111
    ],
    [
      0.3200574517250061,
      0.5169916152954102,
      0.6269423961639404,
      0.751314103603363,
      0.8388403654098511,
      0.8645089864730835,
      0.9000157713890076,
      0.9172223210334778,
      0.9999839067459106,
      0.9701040387153625,
      0.958479106426239,
      0.9403515458106995,
      0.9170226454734802,
      0.89146888256073,
      0.8838241100311279,
      0.8381041288375854
    ],
    [
      0.3414018154144287,
      0.5591706037521362,
      0.6801766753196716,
      0.7890105247497559,
      0.8464382290840149,
      0.8620960712432861,
      0.8878757357597351,
      0.9047746062278748,
      0.9701040387153625,
      0.9999838471412659,
      0.9799255728721619,
      0.9655336737632751,
      0.9448379874229431,
      0.9198979735374451,
      0.9163781404495239,
      0.866637647151947
    ],
    [
      0.33057844638824463,
      0.5389906167984009,
      0.651606023311615,
      0.7620923519134521,
      0.8231384754180908,
      0.841741144657135,
      0.871073305606842,
      0.8894525170326233,
      0.958479106426239,
      0.9799255728721619,
      0.9999837279319763,
      0.9858277440071106,
      0.9660068154335022,
      0.9450916051864624,
      0.939368724822998,
      0.8907958269119263
    ],
    [
      0.3328106701374054,
      0.5373331904411316,
      0.6489602327346802,
      0.7528183460235596,
      0.8133194446563721,
      0.831882894039154,
      0.8592993021011353,
      0.8785015940666199,
      0.9403515458106995,
      0.9655336737632751,
      0.9858277440071106,
      0.9999842047691345,
      0.9809129238128662,
      0.9621082544326782,
      0.9555628299713135,
      0.901769757270813
    ],
    [
      0.31924766302108765,
      0.5207235813140869,
      0.6289490461349487,
      0.7303680181503296,
      0.7923365831375122,
      0.8134405016899109,
      0.8398728370666504,
      0.8611103892326355,
      0.9170226454734802,
      0.9448379874229431,
      0.9660068154335022,
      0.9809129238128662,
      0.9999841451644897,
      0.9843305349349976,
      0.9742889404296875,
      0.9223660826683044
    ],
    [
      0.30003926157951355,
      0.494680792093277,
      0.6008585095405579,
      0.7038135528564453,
      0.7686680555343628,
      0.7910352349281311,
      0.817477822303772,
      0.8391332626342773,
      0.89146888256073,
      0.9198979735374451,
      0.9450916051864624,
      0.9621082544326782,
      0.9843305349349976,
      0.9999838471412659,
      0.9875904321670532,
      0.9405493140220642
    ],
    [
      0.3038896322250366,
      0.5034505724906921,
      0.6123266816139221,
      0.7132775783538818,
      0.7713538408279419,
      0.7878000140190125,
      0.8119130730628967,
      0.8325004577636719,
      0.8838241100311279,
      0.9163781404495239,
      0.939368724822998,
      0.9555628299713135,
      0.9742889404296875,
      0.9875904321670532,
      0.9999842047691345,
      0.9635646343231201
    ],
    [
      0.2697276473045349,
      0.4628932476043701,
      0.5671139359474182,
      0.671609103679657,
      0.7306421995162964,
      0.7468955516815186,
      0.7720595598220825,
      0.7970671057701111,
      0.8381041288375854,
      0.866637647151947,
      0.8907958269119263,
      0.901769757270813,
      0.9223660826683044,
      0.9405493140220642,
      0.9635646343231201,
      0.9999838471412659
    ]
  ],
  "x_labels": [
    "L1",
    "L2",
    "L3",
    "L4",
    "L5",
    "L6",
    "L7",
    "L8",
    "L9",
    "L10",
    "L11",
    "L12",
    "L13",
    "L14",
    "L15",
    "L16"
  ],
  "y_labels": [
    "L1",
    "L2",
    "L3",
    "L4",
    "L5",
    "L6",
    "L7",
    "L8",
    "L9",
    "L10",
    "L11",
    "L12",
    "L13",
    "L14",
    "L15",
    "L16"
  ],
  "metric": "rsa_corr",
  "title": "RSA(1\u2212corr) within: meta-llama/Llama-3.2-1B [hi]",
  "model_a": "meta-llama/Llama-3.2-1B",
  "model_b": null,
  "info": {}
}