<html>
<head><meta charset="utf-8" /></head>
<body>
    <div>                        <script type="text/javascript">window.PlotlyConfig = {MathJaxConfig: 'local'};</script>
        <script charset="utf-8" src="https://cdn.plot.ly/plotly-2.32.0.min.js"></script>                <div id="87c348e2-6ab4-4594-99cc-680b40281b14" class="plotly-graph-div" style="height:100%; width:100%;"></div>            <script type="text/javascript">                                    window.PLOTLYENV=window.PLOTLYENV || {};                                    if (document.getElementById("87c348e2-6ab4-4594-99cc-680b40281b14")) {                    Plotly.newPlot(                        "87c348e2-6ab4-4594-99cc-680b40281b14",                        [{"colorscale":[[0.0,"#440154"],[0.1111111111111111,"#482878"],[0.2222222222222222,"#3e4989"],[0.3333333333333333,"#31688e"],[0.4444444444444444,"#26828e"],[0.5555555555555556,"#1f9e89"],[0.6666666666666666,"#35b779"],[0.7777777777777778,"#6ece58"],[0.8888888888888888,"#b5de2b"],[1.0,"#fde725"]],"x":["L1","L2","L3","L4","L5","L6","L7","L8","L9","L10","L11","L12","L13","L14","L15","L16","L17","L18","L19","L20","L21","L22","L23","L24","L25","L26","L27","L28"],"y":["L1","L2","L3","L4","L5","L6","L7","L8","L9","L10","L11","L12","L13","L14","L15","L16","L17","L18","L19","L20","L21","L22","L23","L24","L25","L26","L27","L28"],"z":[[1.0,0.9792603850364685,0.9289242029190063,0.8446643352508545,0.6665041446685791,0.6306820511817932,0.5894666910171509,0.5392407178878784,0.532920241355896,0.5019986629486084,0.5237799882888794,0.5526027679443359,0.5681395530700684,0.5281779170036316,0.5479932427406311,0.5595385432243347,0.5833667516708374,0.5837898254394531,0.5744936466217041,0.5614174008369446,0.547793447971344,0.5400777459144592,0.5693025588989258,0.5633306503295898,0.5725929737091064,0.5735412240028381,0.5708752870559692,0.5685395002365112],[0.9792603850364685,1.0,0.9755018353462219,0.9097028970718384,0.7286805510520935,0.7006561160087585,0.6621572375297546,0.6139828562736511,0.6094663739204407,0.57542884349823,0.6008945107460022,0.6324963569641113,0.6438454389572144,0.5939522981643677,0.6169126629829407,0.6277825236320496,0.6521217823028564,0.650285005569458,0.6403608918190002,0.6262896656990051,0.6123200058937073,0.6030093431472778,0.6313549876213074,0.6217749714851379,0.6295108795166016,0.6293739676475525,0.6278480887413025,0.6248467564582825],[0.9289242029190063,0.9755018353462219,1.0,0.9534979462623596,0.7775275707244873,0.7591752409934998,0.7230648398399353,0.678142249584198,0.6750075817108154,0.6399815678596497,0.6669659614562988,0.6986275911331177,0.7091090083122253,0.6511784791946411,0.6793979406356812,0.6910122036933899,0.713626503944397,0.7115920782089233,0.7017511129379272,0.6877375841140747,0.673132598400116,0.6625012159347534,0.6900139451026917,0.6778653264045715,0.6841967105865479,0.6833242774009705,0.6827712059020996,0.6783691048622131],[0.8446643352508545,0.9097028970718384,0.9534979462623596,1.0,0.8741015791893005,0.8590076565742493,0.8230317234992981,0.7796956896781921,0.7739561796188354,0.7296602129936218,0.7531964778900146,0.7835188508033752,0.7890278697013855,0.7203640937805176,0.7424457669258118,0.75541090965271,0.773440420627594,0.7692999243736267,0.761269748210907,0.7485300302505493,0.7344055771827698,0.7214944362640381,0.7436922788619995,0.730989933013916,0.7337029576301575,0.7307290434837341,0.7314161062240601,0.7349250912666321],[0.6665041446685791,0.7286805510520935,0.7775275707244873,0.8741015791893005,1.0,0.9712502956390381,0.9292543530464172,0.8849225640296936,0.8611792922019958,0.8221963047981262,0.8276203870773315,0.8303053379058838,0.8244017362594604,0.7764491438865662,0.7749329805374146,0.7881968021392822,0.7913890480995178,0.7849936485290527,0.7807760238647461,0.7690454721450806,0.7581740021705627,0.7447741031646729,0.7528772354125977,0.7493641376495361,0.7483174204826355,0.7417937517166138,0.7411811351776123,0.7533368468284607],[0.6306820511817932,0.7006561160087585,0.7591752409934998,0.8590076565742493,0.9712502956390381,1.0000001192092896,0.9707391262054443,0.9317298531532288,0.9085868000984192,0.8701181411743164,0.8753892779350281,0.8742189407348633,0.8584582805633545,0.7964591979980469,0.7966328263282776,0.8104168176651001,0.8123375177383423,0.8068460822105408,0.8032069206237793,0.7924917340278625,0.781481921672821,0.7690230011940002,0.7754642367362976,0.7713484764099121,0.7690196633338928,0.7625553607940674,0.7615461945533752,0.7673963904380798],[0.5894666910171509,0.6621572375297546,0.7230648398399353,0.8230317234992981,0.9292543530464172,0.9707391262054443,1.0,0.9647049903869629,0.937659740447998,0.8984644412994385,0.8979472517967224,0.8929837942123413,0.8701151013374329,0.8014037609100342,0.8019225597381592,0.814241349697113,0.8124670386314392,0.8073103427886963,0.8042420148849487,0.7952026128768921,0.7855929732322693,0.7746396064758301,0.7796955704689026,0.7747151255607605,0.7706958651542664,0.7647955417633057,0.7651139497756958,0.7690594792366028],[0.5392407178878784,0.6139828562736511,0.678142249584198,0.7796956896781921,0.8849225640296936,0.9317298531532288,0.9647049903869629,0.9999999403953552,0.9748868346214294,0.9295238852500916,0.9226261377334595,0.9101905822753906,0.8828606605529785,0.8119247555732727,0.8124057650566101,0.8218016028404236,0.8170092701911926,0.8115052580833435,0.8088261485099792,0.8013275265693665,0.7916620373725891,0.7803513407707214,0.7828096747398376,0.7774251103401184,0.7721582651138306,0.7686313390731812,0.7676145434379578,0.7687077522277832],[0.532920241355896,0.6094663739204407,0.6750075817108154,0.7739561796188354,0.8611792922019958,0.9085868000984192,0.937659740447998,0.9748868346214294,0.9999999403953552,0.9452237486839294,0.9397560358047485,0.9257679581642151,0.8976373672485352,0.8128230571746826,0.8130475282669067,0.8228304386138916,0.8187623023986816,0.8151021003723145,0.8130188584327698,0.8076518774032593,0.7995615601539612,0.7885245680809021,0.7906882762908936,0.7827864289283752,0.7763751149177551,0.7738577723503113,0.7732068300247192,0.7731838822364807],[0.5019986629486084,0.57542884349823,0.6399815678596497,0.7296602129936218,0.8221963047981262,0.8701181411743164,0.8984644412994385,0.9295238852500916,0.9452237486839294,1.0,0.9841076731681824,0.9499281048774719,0.9136595726013184,0.8518956303596497,0.8476688265800476,0.8522342443466187,0.8446868062019348,0.8382282257080078,0.8366801738739014,0.82584547996521,0.8145461678504944,0.8003597855567932,0.8017327785491943,0.7970111966133118,0.7907944917678833,0.786579430103302,0.7844069600105286,0.7849876880645752],[0.5237799882888794,0.6008945107460022,0.6669659614562988,0.7531964778900146,0.8276203870773315,0.8753892779350281,0.8979472517967224,0.9226261377334595,0.9397560358047485,0.9841076731681824,1.0,0.9671761393547058,0.9321123361587524,0.8611887097358704,0.8570587635040283,0.8629278540611267,0.8584282994270325,0.8525752425193787,0.8499516248703003,0.8385723829269409,0.8275925517082214,0.8133552670478821,0.815369188785553,0.8097962737083435,0.8043457865715027,0.7985112071037292,0.7956560850143433,0.7932677865028381],[0.5526027679443359,0.6324963569641113,0.6986275911331177,0.7835188508033752,0.8303053379058838,0.8742189407348633,0.8929837942123413,0.9101905822753906,0.9257679581642151,0.9499281048774719,0.9671761393547058,1.0,0.9718015193939209,0.8833144903182983,0.885194718837738,0.8919951319694519,0.8857625126838684,0.8806425929069519,0.8784490823745728,0.8676366209983826,0.8569114804267883,0.8451370596885681,0.8498270511627197,0.8404055237770081,0.8321715593338013,0.8252252340316772,0.8249689340591431,0.8166108131408691],[0.5681395530700684,0.6438454389572144,0.7091090083122253,0.7890278697013855,0.8244017362594604,0.8584582805633545,0.8701151013374329,0.8828606605529785,0.8976373672485352,0.9136595726013184,0.9321123361587524,0.9718015193939209,0.9999998807907104,0.9172400236129761,0.9192851781845093,0.9248396754264832,0.9156476855278015,0.9109277129173279,0.9076738357543945,0.8959031701087952,0.884480357170105,0.8712304830551147,0.8774927854537964,0.8670290112495422,0.85768061876297,0.8498789072036743,0.8518101572990417,0.8428771495819092],[0.5281779170036316,0.5939522981643677,0.6511784791946411,0.7203640937805176,0.7764491438865662,0.7964591979980469,0.8014037609100342,0.8119247555732727,0.8128230571746826,0.8518956303596497,0.8611887097358704,0.8833144903182983,0.9172400236129761,1.0000001192092896,0.9827613830566406,0.9655604958534241,0.9481222629547119,0.9344379305839539,0.9238369464874268,0.9041147828102112,0.8943437337875366,0.8791550993919373,0.8803508877754211,0.873776376247406,0.8670814633369446,0.8583840131759644,0.8568975329399109,0.8497387170791626],[0.5479932427406311,0.6169126629829407,0.6793979406356812,0.7424457669258118,0.7749329805374146,0.7966328263282776,0.8019225597381592,0.8124057650566101,0.8130475282669067,0.8476688265800476,0.8570587635040283,0.885194718837738,0.9192851781845093,0.9827613830566406,1.0,0.9860760569572449,0.9696326851844788,0.957398533821106,0.9476826190948486,0.9272764921188354,0.9150637984275818,0.8992597460746765,0.9030295610427856,0.8947609066963196,0.8860728144645691,0.8785673975944519,0.8768429160118103,0.8653311133384705],[0.5595385432243347,0.6277825236320496,0.6910122036933899,0.75541090965271,0.7881968021392822,0.8104168176651001,0.814241349697113,0.8218016028404236,0.8228304386138916,0.8522342443466187,0.8629278540611267,0.8919951319694519,0.9248396754264832,0.9655604958534241,0.9860760569572449,0.9999999403953552,0.9880871176719666,0.9814966320991516,0.974128782749176,0.9584956169128418,0.946045458316803,0.9310187697410583,0.934710681438446,0.9272447228431702,0.9183500409126282,0.9103456735610962,0.9078821539878845,0.8903139233589172],[0.5833667516708374,0.6521217823028564,0.713626503944397,0.773440420627594,0.7913890480995178,0.8123375177383423,0.8124670386314392,0.8170092701911926,0.8187623023986816,0.8446868062019348,0.8584282994270325,0.8857625126838684,0.9156476855278015,0.9481222629547119,0.9696326851844788,0.9880871176719666,1.0000001192092896,0.9941610097885132,0.987396240234375,0.9725581407546997,0.9620115160942078,0.9481574296951294,0.9499049186706543,0.9444620013237,0.9383382201194763,0.9304605722427368,0.9253287315368652,0.9061685800552368],[0.5837898254394531,0.650285005569458,0.7115920782089233,0.7692999243736267,0.7849936485290527,0.8068460822105408,0.8073103427886963,0.8115052580833435,0.8151021003723145,0.8382282257080078,0.8525752425193787,0.8806425929069519,0.9109277129173279,0.9344379305839539,0.957398533821106,0.9814966320991516,0.9941610097885132,1.0,0.9950039386749268,0.9840088486671448,0.973839521408081,0.9607554078102112,0.9624800086021423,0.9572935700416565,0.9509282112121582,0.9423131942749023,0.9377140402793884,0.9149880409240723],[0.5744936466217041,0.6403608918190002,0.7017511129379272,0.761269748210907,0.7807760238647461,0.8032069206237793,0.8042420148849487,0.8088261485099792,0.8130188584327698,0.8366801738739014,0.8499516248703003,0.8784490823745728,0.9076738357543945,0.9238369464874268,0.9476826190948486,0.974128782749176,0.987396240234375,0.9950039386749268,1.0000001192092896,0.9918751120567322,0.9825189113616943,0.9698789715766907,0.9709873199462891,0.9649055600166321,0.9578746557235718,0.9491325616836548,0.9455504417419434,0.9215765595436096],[0.5614174008369446,0.6262896656990051,0.6877375841140747,0.7485300302505493,0.7690454721450806,0.7924917340278625,0.7952026128768921,0.8013275265693665,0.8076518774032593,0.82584547996521,0.8385723829269409,0.8676366209983826,0.8959031701087952,0.9041147828102112,0.9272764921188354,0.9584956169128418,0.9725581407546997,0.9840088486671448,0.9918751120567322,1.0,0.9933748245239258,0.9819809794425964,0.9816188812255859,0.9739647507667542,0.9657337069511414,0.9577805399894714,0.9555256962776184,0.9301150441169739],[0.547793447971344,0.6123200058937073,0.673132598400116,0.7344055771827698,0.7581740021705627,0.781481921672821,0.7855929732322693,0.7916620373725891,0.7995615601539612,0.8145461678504944,0.8275925517082214,0.8569114804267883,0.884480357170105,0.8943437337875366,0.9150637984275818,0.946045458316803,0.9620115160942078,0.973839521408081,0.9825189113616943,0.9933748245239258,1.0,0.992677628993988,0.9894251823425293,0.9812526702880859,0.9740558862686157,0.9663131237030029,0.9649190306663513,0.9362016916275024],[0.5400777459144592,0.6030093431472778,0.6625012159347534,0.7214944362640381,0.7447741031646729,0.7690230011940002,0.7746396064758301,0.7803513407707214,0.7885245680809021,0.8003597855567932,0.8133552670478821,0.8451370596885681,0.8712304830551147,0.8791550993919373,0.8992597460746765,0.9310187697410583,0.9481574296951294,0.9607554078102112,0.9698789715766907,0.9819809794425964,0.992677628993988,1.0000001192092896,0.9937283396720886,0.9878398776054382,0.9811564683914185,0.972802460193634,0.9698756337165833,0.9364563822746277],[0.5693025588989258,0.6313549876213074,0.6900139451026917,0.7436922788619995,0.7528772354125977,0.7754642367362976,0.7796955704689026,0.7828096747398376,0.7906882762908936,0.8017327785491943,0.815369188785553,0.8498270511627197,0.8774927854537964,0.8803508877754211,0.9030295610427856,0.934710681438446,0.9499049186706543,0.9624800086021423,0.9709873199462891,0.9816188812255859,0.9894251823425293,0.9937283396720886,1.0,0.9923391342163086,0.9853003621101379,0.9776179194450378,0.9755216836929321,0.9441345930099487],[0.5633306503295898,0.6217749714851379,0.6778653264045715,0.730989933013916,0.7493641376495361,0.7713484764099121,0.7747151255607605,0.7774251103401184,0.7827864289283752,0.7970111966133118,0.8097962737083435,0.8404055237770081,0.8670290112495422,0.873776376247406,0.8947609066963196,0.9272447228431702,0.9444620013237,0.9572935700416565,0.9649055600166321,0.9739647507667542,0.9812526702880859,0.9878398776054382,0.9923391342163086,1.0,0.9950235486030579,0.9887072443962097,0.9823294878005981,0.9516818523406982],[0.5725929737091064,0.6295108795166016,0.6841967105865479,0.7337029576301575,0.7483174204826355,0.7690196633338928,0.7706958651542664,0.7721582651138306,0.7763751149177551,0.7907944917678833,0.8043457865715027,0.8321715593338013,0.85768061876297,0.8670814633369446,0.8860728144645691,0.9183500409126282,0.9383382201194763,0.9509282112121582,0.9578746557235718,0.9657337069511414,0.9740558862686157,0.9811564683914185,0.9853003621101379,0.9950235486030579,0.9999999403953552,0.993791937828064,0.9872413277626038,0.9573494791984558],[0.5735412240028381,0.6293739676475525,0.6833242774009705,0.7307290434837341,0.7417937517166138,0.7625553607940674,0.7647955417633057,0.7686313390731812,0.7738577723503113,0.786579430103302,0.7985112071037292,0.8252252340316772,0.8498789072036743,0.8583840131759644,0.8785673975944519,0.9103456735610962,0.9304605722427368,0.9423131942749023,0.9491325616836548,0.9577805399894714,0.9663131237030029,0.972802460193634,0.9776179194450378,0.9887072443962097,0.993791937828064,0.9999999403953552,0.9917152523994446,0.9657415151596069],[0.5708752870559692,0.6278480887413025,0.6827712059020996,0.7314161062240601,0.7411811351776123,0.7615461945533752,0.7651139497756958,0.7676145434379578,0.7732068300247192,0.7844069600105286,0.7956560850143433,0.8249689340591431,0.8518101572990417,0.8568975329399109,0.8768429160118103,0.9078821539878845,0.9253287315368652,0.9377140402793884,0.9455504417419434,0.9555256962776184,0.9649190306663513,0.9698756337165833,0.9755216836929321,0.9823294878005981,0.9872413277626038,0.9917152523994446,0.9999999403953552,0.9753077030181885],[0.5685395002365112,0.6248467564582825,0.6783691048622131,0.7349250912666321,0.7533368468284607,0.7673963904380798,0.7690594792366028,0.7687077522277832,0.7731838822364807,0.7849876880645752,0.7932677865028381,0.8166108131408691,0.8428771495819092,0.8497387170791626,0.8653311133384705,0.8903139233589172,0.9061685800552368,0.9149880409240723,0.9215765595436096,0.9301150441169739,0.9362016916275024,0.9364563822746277,0.9441345930099487,0.9516818523406982,0.9573494791984558,0.9657415151596069,0.9753077030181885,0.9999999403953552]],"type":"heatmap"}],                        {"template":{"data":{"histogram2dcontour":[{"type":"histogram2dcontour","colorbar":{"outlinewidth":0,"ticks":""},"colorscale":[[0.0,"#0d0887"],[0.1111111111111111,"#46039f"],[0.2222222222222222,"#7201a8"],[0.3333333333333333,"#9c179e"],[0.4444444444444444,"#bd3786"],[0.5555555555555556,"#d8576b"],[0.6666666666666666,"#ed7953"],[0.7777777777777778,"#fb9f3a"],[0.8888888888888888,"#fdca26"],[1.0,"#f0f921"]]}],"choropleth":[{"type":"choropleth","colorbar":{"outlinewidth":0,"ticks":""}}],"histogram2d":[{"type":"histogram2d","colorbar":{"outlinewidth":0,"ticks":""},"colorscale":[[0.0,"#0d0887"],[0.1111111111111111,"#46039f"],[0.2222222222222222,"#7201a8"],[0.3333333333333333,"#9c179e"],[0.4444444444444444,"#bd3786"],[0.5555555555555556,"#d8576b"],[0.6666666666666666,"#ed7953"],[0.7777777777777778,"#fb9f3a"],[0.8888888888888888,"#fdca26"],[1.0,"#f0f921"]]}],"heatmap":[{"type":"heatmap","colorbar":{"outlinewidth":0,"ticks":""},"colorscale":[[0.0,"#0d0887"],[0.1111111111111111,"#46039f"],[0.2222222222222222,"#7201a8"],[0.3333333333333333,"#9c179e"],[0.4444444444444444,"#bd3786"],[0.5555555555555556,"#d8576b"],[0.6666666666666666,"#ed7953"],[0.7777777777777778,"#fb9f3a"],[0.8888888888888888,"#fdca26"],[1.0,"#f0f921"]]}],"heatmapgl":[{"type":"heatmapgl","colorbar":{"outlinewidth":0,"ticks":""},"colorscale":[[0.0,"#0d0887"],[0.1111111111111111,"#46039f"],[0.2222222222222222,"#7201a8"],[0.3333333333333333,"#9c179e"],[0.4444444444444444,"#bd3786"],[0.5555555555555556,"#d8576b"],[0.6666666666666666,"#ed7953"],[0.7777777777777778,"#fb9f3a"],[0.8888888888888888,"#fdca26"],[1.0,"#f0f921"]]}],"contourcarpet":[{"type":"contourcarpet","colorbar":{"outlinewidth":0,"ticks":""}}],"contour":[{"type":"contour","colorbar":{"outlinewidth":0,"ticks":""},"colorscale":[[0.0,"#0d0887"],[0.1111111111111111,"#46039f"],[0.2222222222222222,"#7201a8"],[0.3333333333333333,"#9c179e"],[0.4444444444444444,"#bd3786"],[0.5555555555555556,"#d8576b"],[0.6666666666666666,"#ed7953"],[0.7777777777777778,"#fb9f3a"],[0.8888888888888888,"#fdca26"],[1.0,"#f0f921"]]}],"surface":[{"type":"surface","colorbar":{"outlinewidth":0,"ticks":""},"colorscale":[[0.0,"#0d0887"],[0.1111111111111111,"#46039f"],[0.2222222222222222,"#7201a8"],[0.3333333333333333,"#9c179e"],[0.4444444444444444,"#bd3786"],[0.5555555555555556,"#d8576b"],[0.6666666666666666,"#ed7953"],[0.7777777777777778,"#fb9f3a"],[0.8888888888888888,"#fdca26"],[1.0,"#f0f921"]]}],"mesh3d":[{"type":"mesh3d","colorbar":{"outlinewidth":0,"ticks":""}}],"scatter":[{"fillpattern":{"fillmode":"overlay","size":10,"solidity":0.2},"type":"scatter"}],"parcoords":[{"type":"parcoords","line":{"colorbar":{"outlinewidth":0,"ticks":""}}}],"scatterpolargl":[{"type":"scatterpolargl","marker":{"colorbar":{"outlinewidth":0,"ticks":""}}}],"bar":[{"error_x":{"color":"#2a3f5f"},"error_y":{"color":"#2a3f5f"},"marker":{"line":{"color":"#E5ECF6","width":0.5},"pattern":{"fillmode":"overlay","size":10,"solidity":0.2}},"type":"bar"}],"scattergeo":[{"type":"scattergeo","marker":{"colorbar":{"outlinewidth":0,"ticks":""}}}],"scatterpolar":[{"type":"scatterpolar","marker":{"colorbar":{"outlinewidth":0,"ticks":""}}}],"histogram":[{"marker":{"pattern":{"fillmode":"overlay","size":10,"solidity":0.2}},"type":"histogram"}],"scattergl":[{"type":"scattergl","marker":{"colorbar":{"outlinewidth":0,"ticks":""}}}],"scatter3d":[{"type":"scatter3d","line":{"colorbar":{"outlinewidth":0,"ticks":""}},"marker":{"colorbar":{"outlinewidth":0,"ticks":""}}}],"scattermapbox":[{"type":"scattermapbox","marker":{"colorbar":{"outlinewidth":0,"ticks":""}}}],"scatterternary":[{"type":"scatterternary","marker":{"colorbar":{"outlinewidth":0,"ticks":""}}}],"scattercarpet":[{"type":"scattercarpet","marker":{"colorbar":{"outlinewidth":0,"ticks":""}}}],"carpet":[{"aaxis":{"endlinecolor":"#2a3f5f","gridcolor":"white","linecolor":"white","minorgridcolor":"white","startlinecolor":"#2a3f5f"},"baxis":{"endlinecolor":"#2a3f5f","gridcolor":"white","linecolor":"white","minorgridcolor":"white","startlinecolor":"#2a3f5f"},"type":"carpet"}],"table":[{"cells":{"fill":{"color":"#EBF0F8"},"line":{"color":"white"}},"header":{"fill":{"color":"#C8D4E3"},"line":{"color":"white"}},"type":"table"}],"barpolar":[{"marker":{"line":{"color":"#E5ECF6","width":0.5},"pattern":{"fillmode":"overlay","size":10,"solidity":0.2}},"type":"barpolar"}],"pie":[{"automargin":true,"type":"pie"}]},"layout":{"autotypenumbers":"strict","colorway":["#636efa","#EF553B","#00cc96","#ab63fa","#FFA15A","#19d3f3","#FF6692","#B6E880","#FF97FF","#FECB52"],"font":{"color":"#2a3f5f"},"hovermode":"closest","hoverlabel":{"align":"left"},"paper_bgcolor":"white","plot_bgcolor":"#E5ECF6","polar":{"bgcolor":"#E5ECF6","angularaxis":{"gridcolor":"white","linecolor":"white","ticks":""},"radialaxis":{"gridcolor":"white","linecolor":"white","ticks":""}},"ternary":{"bgcolor":"#E5ECF6","aaxis":{"gridcolor":"white","linecolor":"white","ticks":""},"baxis":{"gridcolor":"white","linecolor":"white","ticks":""},"caxis":{"gridcolor":"white","linecolor":"white","ticks":""}},"coloraxis":{"colorbar":{"outlinewidth":0,"ticks":""}},"colorscale":{"sequential":[[0.0,"#0d0887"],[0.1111111111111111,"#46039f"],[0.2222222222222222,"#7201a8"],[0.3333333333333333,"#9c179e"],[0.4444444444444444,"#bd3786"],[0.5555555555555556,"#d8576b"],[0.6666666666666666,"#ed7953"],[0.7777777777777778,"#fb9f3a"],[0.8888888888888888,"#fdca26"],[1.0,"#f0f921"]],"sequentialminus":[[0.0,"#0d0887"],[0.1111111111111111,"#46039f"],[0.2222222222222222,"#7201a8"],[0.3333333333333333,"#9c179e"],[0.4444444444444444,"#bd3786"],[0.5555555555555556,"#d8576b"],[0.6666666666666666,"#ed7953"],[0.7777777777777778,"#fb9f3a"],[0.8888888888888888,"#fdca26"],[1.0,"#f0f921"]],"diverging":[[0,"#8e0152"],[0.1,"#c51b7d"],[0.2,"#de77ae"],[0.3,"#f1b6da"],[0.4,"#fde0ef"],[0.5,"#f7f7f7"],[0.6,"#e6f5d0"],[0.7,"#b8e186"],[0.8,"#7fbc41"],[0.9,"#4d9221"],[1,"#276419"]]},"xaxis":{"gridcolor":"white","linecolor":"white","ticks":"","title":{"standoff":15},"zerolinecolor":"white","automargin":true,"zerolinewidth":2},"yaxis":{"gridcolor":"white","linecolor":"white","ticks":"","title":{"standoff":15},"zerolinecolor":"white","automargin":true,"zerolinewidth":2},"scene":{"xaxis":{"backgroundcolor":"#E5ECF6","gridcolor":"white","linecolor":"white","showbackground":true,"ticks":"","zerolinecolor":"white","gridwidth":2},"yaxis":{"backgroundcolor":"#E5ECF6","gridcolor":"white","linecolor":"white","showbackground":true,"ticks":"","zerolinecolor":"white","gridwidth":2},"zaxis":{"backgroundcolor":"#E5ECF6","gridcolor":"white","linecolor":"white","showbackground":true,"ticks":"","zerolinecolor":"white","gridwidth":2}},"shapedefaults":{"line":{"color":"#2a3f5f"}},"annotationdefaults":{"arrowcolor":"#2a3f5f","arrowhead":0,"arrowwidth":1},"geo":{"bgcolor":"white","landcolor":"#E5ECF6","subunitcolor":"white","showland":true,"showlakes":true,"lakecolor":"white"},"title":{"x":0.05},"mapbox":{"style":"light"}}},"margin":{"l":60,"r":40,"t":60,"b":60},"title":{"text":"CKA within: meta-llama\u002fLlama-3.2-3B [hi]"},"xaxis":{"title":{"text":"Layer (X)"}},"yaxis":{"title":{"text":"Layer (Y)"}}},                        {"responsive": true}                    )                };                            </script>        </div>
</body>
</html>