<html>
<head><meta charset="utf-8" /></head>
<body>
    <div>                        <script type="text/javascript">window.PlotlyConfig = {MathJaxConfig: 'local'};</script>
        <script charset="utf-8" src="https://cdn.plot.ly/plotly-2.32.0.min.js"></script>                <div id="91cb2173-383d-4e16-9aa2-74690c885db5" class="plotly-graph-div" style="height:100%; width:100%;"></div>            <script type="text/javascript">                                    window.PLOTLYENV=window.PLOTLYENV || {};                                    if (document.getElementById("91cb2173-383d-4e16-9aa2-74690c885db5")) {                    Plotly.newPlot(                        "91cb2173-383d-4e16-9aa2-74690c885db5",                        [{"colorscale":[[0.0,"#440154"],[0.1111111111111111,"#482878"],[0.2222222222222222,"#3e4989"],[0.3333333333333333,"#31688e"],[0.4444444444444444,"#26828e"],[0.5555555555555556,"#1f9e89"],[0.6666666666666666,"#35b779"],[0.7777777777777778,"#6ece58"],[0.8888888888888888,"#b5de2b"],[1.0,"#fde725"]],"x":["L1","L2","L3","L4","L5","L6","L7","L8","L9","L10","L11","L12","L13","L14","L15","L16","L17","L18","L19","L20","L21","L22","L23","L24","L25","L26","L27","L28"],"y":["L1","L2","L3","L4","L5","L6","L7","L8","L9","L10","L11","L12","L13","L14","L15","L16","L17","L18","L19","L20","L21","L22","L23","L24","L25","L26","L27","L28"],"z":[[0.9999840259552002,0.8864800333976746,0.71137535572052,0.6110792756080627,0.4753090739250183,0.42507651448249817,0.3819913864135742,0.3416208326816559,0.3398016691207886,0.2982402443885803,0.30208730697631836,0.3170461654663086,0.32493218779563904,0.28221583366394043,0.2754865288734436,0.2739042341709137,0.2777891457080841,0.2765325903892517,0.2727847695350647,0.269466370344162,0.25981444120407104,0.2541409134864807,0.2725292444229126,0.2582062780857086,0.25151461362838745,0.24822691082954407,0.25037533044815063,0.2542758882045746],[0.8864800333976746,0.999983549118042,0.9146556854248047,0.8275594115257263,0.6424774527549744,0.6016068458557129,0.5539941787719727,0.5129993557929993,0.5165132284164429,0.47069644927978516,0.48356881737709045,0.5184224843978882,0.528702437877655,0.464905321598053,0.476211816072464,0.4752812087535858,0.48108547925949097,0.4771882891654968,0.47065988183021545,0.46268370747566223,0.4478739798069,0.43787881731987,0.4648321866989136,0.4460985064506531,0.4396404027938843,0.43623843789100647,0.441371351480484,0.4403608441352844],[0.71137535572052,0.9146556854248047,0.9999839067459106,0.9328992962837219,0.7181016206741333,0.6858615875244141,0.6372692584991455,0.596872866153717,0.6009543538093567,0.5592495799064636,0.5796249508857727,0.6256129741668701,0.6427503228187561,0.5758805871009827,0.6056525707244873,0.6028268933296204,0.6082165837287903,0.601192057132721,0.5916926860809326,0.5774155259132385,0.5597349405288696,0.5466795563697815,0.5791357159614563,0.5584515929222107,0.5534830093383789,0.5508711338043213,0.5589475035667419,0.5535366535186768],[0.6110792756080627,0.8275594115257263,0.9328992962837219,0.9999838471412659,0.8290595412254333,0.7944017052650452,0.7453731894493103,0.6989712715148926,0.697581946849823,0.6501803994178772,0.669001579284668,0.7163404226303101,0.7328587770462036,0.6599611043930054,0.6852030754089355,0.6853704452514648,0.6896586418151855,0.6825397610664368,0.6747004389762878,0.6603575348854065,0.6428967118263245,0.6289554834365845,0.6568748354911804,0.6389814019203186,0.6354996562004089,0.6310931444168091,0.6396634578704834,0.6392226219177246],[0.4753090739250183,0.6424774527549744,0.7181016206741333,0.8290595412254333,0.9999836087226868,0.9659197926521301,0.917495608329773,0.8677627444267273,0.8429791927337646,0.7995155453681946,0.8022537231445312,0.8063035607337952,0.8038939833641052,0.7612143158912659,0.7589131593704224,0.7658067941665649,0.7633770108222961,0.7566153407096863,0.7525732517242432,0.740986168384552,0.7286044359207153,0.720048189163208,0.7283423542976379,0.7234929800033569,0.7215769290924072,0.7128835320472717,0.7125436067581177,0.709684431552887],[0.42507651448249817,0.6016068458557129,0.6858615875244141,0.7944017052650452,0.9659197926521301,0.9999840259552002,0.9609871506690979,0.9158703088760376,0.8906903862953186,0.8460697531700134,0.8472763895988464,0.842702329158783,0.8273603916168213,0.777482271194458,0.7727463841438293,0.7787706255912781,0.7752146124839783,0.7691149115562439,0.7649601101875305,0.7526578307151794,0.7403480410575867,0.7320002317428589,0.7379813194274902,0.7343707084655762,0.7332935333251953,0.7245147228240967,0.7234305143356323,0.7185097932815552],[0.3819913864135742,0.5539941787719727,0.6372692584991455,0.7453731894493103,0.917495608329773,0.9609871506690979,0.9999840259552002,0.9569010138511658,0.9257634878158569,0.8775896430015564,0.8717995882034302,0.8589305281639099,0.8330422639846802,0.7812973260879517,0.7754717469215393,0.7809593677520752,0.7745379209518433,0.7689874768257141,0.7637152075767517,0.752620279788971,0.7415715456008911,0.7345045208930969,0.7391006946563721,0.7368419170379639,0.7364153265953064,0.7287465333938599,0.7287677526473999,0.7249965071678162],[0.3416208326816559,0.5129993557929993,0.596872866153717,0.6989712715148926,0.8677627444267273,0.9158703088760376,0.9569010138511658,0.9999838471412659,0.9670892953872681,0.9126386046409607,0.8993069529533386,0.8771601915359497,0.8449267745018005,0.7947325110435486,0.7872632145881653,0.7909252047538757,0.7829332947731018,0.7762360572814941,0.7706303000450134,0.7596482634544373,0.7479724884033203,0.7398962378501892,0.7419199347496033,0.7405813932418823,0.7407845258712769,0.7346681356430054,0.7318468689918518,0.726597011089325],[0.3398016691207886,0.5165132284164429,0.6009543538093567,0.697581946849823,0.8429791927337646,0.8906903862953186,0.9257634878158569,0.9670892953872681,0.9999842047691345,0.9335605502128601,0.9217028617858887,0.8977560997009277,0.8636412024497986,0.7970690727233887,0.7897961735725403,0.7933909893035889,0.7861406207084656,0.7811363339424133,0.7759727239608765,0.7667281627655029,0.7561923861503601,0.7478926777839661,0.7498846650123596,0.7455346584320068,0.7442625761032104,0.7390426397323608,0.736440122127533,0.7326755523681641],[0.2982402443885803,0.47069644927978516,0.5592495799064636,0.6501803994178772,0.7995155453681946,0.8460697531700134,0.8775896430015564,0.9126386046409607,0.9335605502128601,0.9999843239784241,0.9793818593025208,0.9351429343223572,0.8906012773513794,0.8487859964370728,0.8355326652526855,0.8350261449813843,0.8263759016990662,0.8191954493522644,0.8140039443969727,0.7998820543289185,0.7867262363433838,0.7751427292823792,0.7747282981872559,0.7738671898841858,0.7743299603462219,0.7676942944526672,0.7618221044540405,0.7558562755584717],[0.30208730697631836,0.48356881737709045,0.5796249508857727,0.669001579284668,0.8022537231445312,0.8472763895988464,0.8717995882034302,0.8993069529533386,0.9217028617858887,0.9793818593025208,0.9999838471412659,0.956057608127594,0.9128570556640625,0.858724057674408,0.8450399041175842,0.8455389142036438,0.8381499648094177,0.8319477438926697,0.8263628482818604,0.8117796778678894,0.798275351524353,0.7864636778831482,0.7868438959121704,0.7850494980812073,0.7854886054992676,0.7769556045532227,0.7705855369567871,0.7629925012588501],[0.3170461654663086,0.5184224843978882,0.6256129741668701,0.7163404226303101,0.8063035607337952,0.842702329158783,0.8589305281639099,0.8771601915359497,0.8977560997009277,0.9351429343223572,0.956057608127594,0.9999839067459106,0.9651282429695129,0.883015513420105,0.8763371109962463,0.8758444786071777,0.8664076328277588,0.8601848483085632,0.854324460029602,0.840054988861084,0.8254660964012146,0.815436065196991,0.8201943635940552,0.8136562705039978,0.810435950756073,0.7998943328857422,0.7981823682785034,0.7890603542327881],[0.32493218779563904,0.528702437877655,0.6427503228187561,0.7328587770462036,0.8038939833641052,0.8273603916168213,0.8330422639846802,0.8449267745018005,0.8636412024497986,0.8906012773513794,0.9128570556640625,0.9651282429695129,0.9999838471412659,0.9157943725585938,0.9099698066711426,0.9084055423736572,0.8987322449684143,0.8933932185173035,0.8865958452224731,0.8713715672492981,0.8567216992378235,0.8442538976669312,0.8513880968093872,0.8418517112731934,0.8371792435646057,0.8256195187568665,0.8266783952713013,0.8179270029067993],[0.28221583366394043,0.464905321598053,0.5758805871009827,0.6599611043930054,0.7612143158912659,0.777482271194458,0.7812973260879517,0.7947325110435486,0.7970690727233887,0.8487859964370728,0.858724057674408,0.883015513420105,0.9157943725585938,0.9999841451644897,0.9820116758346558,0.9679263234138489,0.9539080858230591,0.9429355263710022,0.9312452673912048,0.9113726615905762,0.8988168239593506,0.884330153465271,0.8852367997169495,0.8800567984580994,0.8787339329719543,0.8678807020187378,0.8640536069869995,0.8509858250617981],[0.2754865288734436,0.476211816072464,0.6056525707244873,0.6852030754089355,0.7589131593704224,0.7727463841438293,0.7754717469215393,0.7872632145881653,0.7897961735725403,0.8355326652526855,0.8450399041175842,0.8763371109962463,0.9099698066711426,0.9820116758346558,0.9999840259552002,0.9866321086883545,0.9742598533630371,0.9629077315330505,0.9513981938362122,0.9308185577392578,0.9169008135795593,0.9016501903533936,0.9063203930854797,0.8991457223892212,0.8964993357658386,0.8871912360191345,0.883639931678772,0.8683892488479614],[0.2739042341709137,0.4752812087535858,0.6028268933296204,0.6853704452514648,0.7658067941665649,0.7787706255912781,0.7809593677520752,0.7909252047538757,0.7933909893035889,0.8350261449813843,0.8455389142036438,0.8758444786071777,0.9084055423736572,0.9679263234138489,0.9866321086883545,0.9999840259552002,0.9904135465621948,0.9836524724960327,0.9747551083564758,0.959230363368988,0.9461409449577332,0.9322777390480042,0.9364047646522522,0.929328978061676,0.925925612449646,0.9155467748641968,0.911482572555542,0.8909646272659302],[0.2777891457080841,0.48108547925949097,0.6082165837287903,0.6896586418151855,0.7633770108222961,0.7752146124839783,0.7745379209518433,0.7829332947731018,0.7861406207084656,0.8263759016990662,0.8381499648094177,0.8664076328277588,0.8987322449684143,0.9539080858230591,0.9742598533630371,0.9904135465621948,0.9999840259552002,0.9941502809524536,0.9872335195541382,0.9726018309593201,0.9611818194389343,0.9473697543144226,0.9497334957122803,0.9436563849449158,0.9412903189659119,0.9313789010047913,0.925849974155426,0.9038692116737366],[0.2765325903892517,0.4771882891654968,0.601192057132721,0.6825397610664368,0.7566153407096863,0.7691149115562439,0.7689874768257141,0.7762360572814941,0.7811363339424133,0.8191954493522644,0.8319477438926697,0.8601848483085632,0.8933932185173035,0.9429355263710022,0.9629077315330505,0.9836524724960327,0.9941502809524536,0.9999838471412659,0.9950336813926697,0.9844315648078918,0.9743949770927429,0.9610204100608826,0.962672770023346,0.9559503197669983,0.9527620673179626,0.9413922429084778,0.9365165829658508,0.911259114742279],[0.2727847695350647,0.47065988183021545,0.5916926860809326,0.6747004389762878,0.7525732517242432,0.7649601101875305,0.7637152075767517,0.7706303000450134,0.7759727239608765,0.8140039443969727,0.8263628482818604,0.854324460029602,0.8865958452224731,0.9312452673912048,0.9513981938362122,0.9747551083564758,0.9872335195541382,0.9950336813926697,0.9999838471412659,0.9917934536933899,0.9827319383621216,0.9697759747505188,0.9704983830451965,0.9627474546432495,0.9584977030754089,0.9467396140098572,0.9423698782920837,0.9156674742698669],[0.269466370344162,0.46268370747566223,0.5774155259132385,0.6603575348854065,0.740986168384552,0.7526578307151794,0.752620279788971,0.7596482634544373,0.7667281627655029,0.7998820543289185,0.8117796778678894,0.840054988861084,0.8713715672492981,0.9113726615905762,0.9308185577392578,0.959230363368988,0.9726018309593201,0.9844315648078918,0.9917934536933899,0.9999840259552002,0.9937835931777954,0.9825329780578613,0.9815843105316162,0.9731075763702393,0.9670725464820862,0.9566736221313477,0.9530697464942932,0.9262568354606628],[0.25981444120407104,0.4478739798069,0.5597349405288696,0.6428967118263245,0.7286044359207153,0.7403480410575867,0.7415715456008911,0.7479724884033203,0.7561923861503601,0.7867262363433838,0.798275351524353,0.8254660964012146,0.8567216992378235,0.8988168239593506,0.9169008135795593,0.9461409449577332,0.9611818194389343,0.9743949770927429,0.9827319383621216,0.9937835931777954,0.999983549118042,0.9923861026763916,0.9883885383605957,0.9808412194252014,0.9753471612930298,0.966461181640625,0.9627180099487305,0.934665858745575],[0.2541409134864807,0.43787881731987,0.5466795563697815,0.6289554834365845,0.720048189163208,0.7320002317428589,0.7345045208930969,0.7398962378501892,0.7478926777839661,0.7751427292823792,0.7864636778831482,0.815436065196991,0.8442538976669312,0.884330153465271,0.9016501903533936,0.9322777390480042,0.9473697543144226,0.9610204100608826,0.9697759747505188,0.9825329780578613,0.9923861026763916,0.9999839067459106,0.9923897385597229,0.9882569313049316,0.9830918908119202,0.9737355709075928,0.9683041572570801,0.936738133430481],[0.2725292444229126,0.4648321866989136,0.5791357159614563,0.6568748354911804,0.7283423542976379,0.7379813194274902,0.7391006946563721,0.7419199347496033,0.7498846650123596,0.7747282981872559,0.7868438959121704,0.8201943635940552,0.8513880968093872,0.8852367997169495,0.9063203930854797,0.9364047646522522,0.9497334957122803,0.962672770023346,0.9704983830451965,0.9815843105316162,0.9883885383605957,0.9923897385597229,0.9999838471412659,0.9923877120018005,0.9856407642364502,0.9763434529304504,0.973242461681366,0.9437488317489624],[0.2582062780857086,0.4460985064506531,0.5584515929222107,0.6389814019203186,0.7234929800033569,0.7343707084655762,0.7368419170379639,0.7405813932418823,0.7455346584320068,0.7738671898841858,0.7850494980812073,0.8136562705039978,0.8418517112731934,0.8800567984580994,0.8991457223892212,0.929328978061676,0.9436563849449158,0.9559503197669983,0.9627474546432495,0.9731075763702393,0.9808412194252014,0.9882569313049316,0.9923877120018005,0.9999839067459106,0.9955005645751953,0.9876563549041748,0.9802900552749634,0.9482975006103516],[0.25151461362838745,0.4396404027938843,0.5534830093383789,0.6354996562004089,0.7215769290924072,0.7332935333251953,0.7364153265953064,0.7407845258712769,0.7442625761032104,0.7743299603462219,0.7854886054992676,0.810435950756073,0.8371792435646057,0.8787339329719543,0.8964993357658386,0.925925612449646,0.9412903189659119,0.9527620673179626,0.9584977030754089,0.9670725464820862,0.9753471612930298,0.9830918908119202,0.9856407642364502,0.9955005645751953,0.9999837279319763,0.9922672510147095,0.984552800655365,0.9526069164276123],[0.24822691082954407,0.43623843789100647,0.5508711338043213,0.6310931444168091,0.7128835320472717,0.7245147228240967,0.7287465333938599,0.7346681356430054,0.7390426397323608,0.7676942944526672,0.7769556045532227,0.7998943328857422,0.8256195187568665,0.8678807020187378,0.8871912360191345,0.9155467748641968,0.9313789010047913,0.9413922429084778,0.9467396140098572,0.9566736221313477,0.966461181640625,0.9737355709075928,0.9763434529304504,0.9876563549041748,0.9922672510147095,0.9999834299087524,0.9903308153152466,0.9642322659492493],[0.25037533044815063,0.441371351480484,0.5589475035667419,0.6396634578704834,0.7125436067581177,0.7234305143356323,0.7287677526473999,0.7318468689918518,0.736440122127533,0.7618221044540405,0.7705855369567871,0.7981823682785034,0.8266783952713013,0.8640536069869995,0.883639931678772,0.911482572555542,0.925849974155426,0.9365165829658508,0.9423698782920837,0.9530697464942932,0.9627180099487305,0.9683041572570801,0.973242461681366,0.9802900552749634,0.984552800655365,0.9903308153152466,0.9999839067459106,0.9789360761642456],[0.2542758882045746,0.4403608441352844,0.5535366535186768,0.6392226219177246,0.709684431552887,0.7185097932815552,0.7249965071678162,0.726597011089325,0.7326755523681641,0.7558562755584717,0.7629925012588501,0.7890603542327881,0.8179270029067993,0.8509858250617981,0.8683892488479614,0.8909646272659302,0.9038692116737366,0.911259114742279,0.9156674742698669,0.9262568354606628,0.934665858745575,0.936738133430481,0.9437488317489624,0.9482975006103516,0.9526069164276123,0.9642322659492493,0.9789360761642456,0.9999840259552002]],"type":"heatmap"}],                        {"template":{"data":{"histogram2dcontour":[{"type":"histogram2dcontour","colorbar":{"outlinewidth":0,"ticks":""},"colorscale":[[0.0,"#0d0887"],[0.1111111111111111,"#46039f"],[0.2222222222222222,"#7201a8"],[0.3333333333333333,"#9c179e"],[0.4444444444444444,"#bd3786"],[0.5555555555555556,"#d8576b"],[0.6666666666666666,"#ed7953"],[0.7777777777777778,"#fb9f3a"],[0.8888888888888888,"#fdca26"],[1.0,"#f0f921"]]}],"choropleth":[{"type":"choropleth","colorbar":{"outlinewidth":0,"ticks":""}}],"histogram2d":[{"type":"histogram2d","colorbar":{"outlinewidth":0,"ticks":""},"colorscale":[[0.0,"#0d0887"],[0.1111111111111111,"#46039f"],[0.2222222222222222,"#7201a8"],[0.3333333333333333,"#9c179e"],[0.4444444444444444,"#bd3786"],[0.5555555555555556,"#d8576b"],[0.6666666666666666,"#ed7953"],[0.7777777777777778,"#fb9f3a"],[0.8888888888888888,"#fdca26"],[1.0,"#f0f921"]]}],"heatmap":[{"type":"heatmap","colorbar":{"outlinewidth":0,"ticks":""},"colorscale":[[0.0,"#0d0887"],[0.1111111111111111,"#46039f"],[0.2222222222222222,"#7201a8"],[0.3333333333333333,"#9c179e"],[0.4444444444444444,"#bd3786"],[0.5555555555555556,"#d8576b"],[0.6666666666666666,"#ed7953"],[0.7777777777777778,"#fb9f3a"],[0.8888888888888888,"#fdca26"],[1.0,"#f0f921"]]}],"heatmapgl":[{"type":"heatmapgl","colorbar":{"outlinewidth":0,"ticks":""},"colorscale":[[0.0,"#0d0887"],[0.1111111111111111,"#46039f"],[0.2222222222222222,"#7201a8"],[0.3333333333333333,"#9c179e"],[0.4444444444444444,"#bd3786"],[0.5555555555555556,"#d8576b"],[0.6666666666666666,"#ed7953"],[0.7777777777777778,"#fb9f3a"],[0.8888888888888888,"#fdca26"],[1.0,"#f0f921"]]}],"contourcarpet":[{"type":"contourcarpet","colorbar":{"outlinewidth":0,"ticks":""}}],"contour":[{"type":"contour","colorbar":{"outlinewidth":0,"ticks":""},"colorscale":[[0.0,"#0d0887"],[0.1111111111111111,"#46039f"],[0.2222222222222222,"#7201a8"],[0.3333333333333333,"#9c179e"],[0.4444444444444444,"#bd3786"],[0.5555555555555556,"#d8576b"],[0.6666666666666666,"#ed7953"],[0.7777777777777778,"#fb9f3a"],[0.8888888888888888,"#fdca26"],[1.0,"#f0f921"]]}],"surface":[{"type":"surface","colorbar":{"outlinewidth":0,"ticks":""},"colorscale":[[0.0,"#0d0887"],[0.1111111111111111,"#46039f"],[0.2222222222222222,"#7201a8"],[0.3333333333333333,"#9c179e"],[0.4444444444444444,"#bd3786"],[0.5555555555555556,"#d8576b"],[0.6666666666666666,"#ed7953"],[0.7777777777777778,"#fb9f3a"],[0.8888888888888888,"#fdca26"],[1.0,"#f0f921"]]}],"mesh3d":[{"type":"mesh3d","colorbar":{"outlinewidth":0,"ticks":""}}],"scatter":[{"fillpattern":{"fillmode":"overlay","size":10,"solidity":0.2},"type":"scatter"}],"parcoords":[{"type":"parcoords","line":{"colorbar":{"outlinewidth":0,"ticks":""}}}],"scatterpolargl":[{"type":"scatterpolargl","marker":{"colorbar":{"outlinewidth":0,"ticks":""}}}],"bar":[{"error_x":{"color":"#2a3f5f"},"error_y":{"color":"#2a3f5f"},"marker":{"line":{"color":"#E5ECF6","width":0.5},"pattern":{"fillmode":"overlay","size":10,"solidity":0.2}},"type":"bar"}],"scattergeo":[{"type":"scattergeo","marker":{"colorbar":{"outlinewidth":0,"ticks":""}}}],"scatterpolar":[{"type":"scatterpolar","marker":{"colorbar":{"outlinewidth":0,"ticks":""}}}],"histogram":[{"marker":{"pattern":{"fillmode":"overlay","size":10,"solidity":0.2}},"type":"histogram"}],"scattergl":[{"type":"scattergl","marker":{"colorbar":{"outlinewidth":0,"ticks":""}}}],"scatter3d":[{"type":"scatter3d","line":{"colorbar":{"outlinewidth":0,"ticks":""}},"marker":{"colorbar":{"outlinewidth":0,"ticks":""}}}],"scattermapbox":[{"type":"scattermapbox","marker":{"colorbar":{"outlinewidth":0,"ticks":""}}}],"scatterternary":[{"type":"scatterternary","marker":{"colorbar":{"outlinewidth":0,"ticks":""}}}],"scattercarpet":[{"type":"scattercarpet","marker":{"colorbar":{"outlinewidth":0,"ticks":""}}}],"carpet":[{"aaxis":{"endlinecolor":"#2a3f5f","gridcolor":"white","linecolor":"white","minorgridcolor":"white","startlinecolor":"#2a3f5f"},"baxis":{"endlinecolor":"#2a3f5f","gridcolor":"white","linecolor":"white","minorgridcolor":"white","startlinecolor":"#2a3f5f"},"type":"carpet"}],"table":[{"cells":{"fill":{"color":"#EBF0F8"},"line":{"color":"white"}},"header":{"fill":{"color":"#C8D4E3"},"line":{"color":"white"}},"type":"table"}],"barpolar":[{"marker":{"line":{"color":"#E5ECF6","width":0.5},"pattern":{"fillmode":"overlay","size":10,"solidity":0.2}},"type":"barpolar"}],"pie":[{"automargin":true,"type":"pie"}]},"layout":{"autotypenumbers":"strict","colorway":["#636efa","#EF553B","#00cc96","#ab63fa","#FFA15A","#19d3f3","#FF6692","#B6E880","#FF97FF","#FECB52"],"font":{"color":"#2a3f5f"},"hovermode":"closest","hoverlabel":{"align":"left"},"paper_bgcolor":"white","plot_bgcolor":"#E5ECF6","polar":{"bgcolor":"#E5ECF6","angularaxis":{"gridcolor":"white","linecolor":"white","ticks":""},"radialaxis":{"gridcolor":"white","linecolor":"white","ticks":""}},"ternary":{"bgcolor":"#E5ECF6","aaxis":{"gridcolor":"white","linecolor":"white","ticks":""},"baxis":{"gridcolor":"white","linecolor":"white","ticks":""},"caxis":{"gridcolor":"white","linecolor":"white","ticks":""}},"coloraxis":{"colorbar":{"outlinewidth":0,"ticks":""}},"colorscale":{"sequential":[[0.0,"#0d0887"],[0.1111111111111111,"#46039f"],[0.2222222222222222,"#7201a8"],[0.3333333333333333,"#9c179e"],[0.4444444444444444,"#bd3786"],[0.5555555555555556,"#d8576b"],[0.6666666666666666,"#ed7953"],[0.7777777777777778,"#fb9f3a"],[0.8888888888888888,"#fdca26"],[1.0,"#f0f921"]],"sequentialminus":[[0.0,"#0d0887"],[0.1111111111111111,"#46039f"],[0.2222222222222222,"#7201a8"],[0.3333333333333333,"#9c179e"],[0.4444444444444444,"#bd3786"],[0.5555555555555556,"#d8576b"],[0.6666666666666666,"#ed7953"],[0.7777777777777778,"#fb9f3a"],[0.8888888888888888,"#fdca26"],[1.0,"#f0f921"]],"diverging":[[0,"#8e0152"],[0.1,"#c51b7d"],[0.2,"#de77ae"],[0.3,"#f1b6da"],[0.4,"#fde0ef"],[0.5,"#f7f7f7"],[0.6,"#e6f5d0"],[0.7,"#b8e186"],[0.8,"#7fbc41"],[0.9,"#4d9221"],[1,"#276419"]]},"xaxis":{"gridcolor":"white","linecolor":"white","ticks":"","title":{"standoff":15},"zerolinecolor":"white","automargin":true,"zerolinewidth":2},"yaxis":{"gridcolor":"white","linecolor":"white","ticks":"","title":{"standoff":15},"zerolinecolor":"white","automargin":true,"zerolinewidth":2},"scene":{"xaxis":{"backgroundcolor":"#E5ECF6","gridcolor":"white","linecolor":"white","showbackground":true,"ticks":"","zerolinecolor":"white","gridwidth":2},"yaxis":{"backgroundcolor":"#E5ECF6","gridcolor":"white","linecolor":"white","showbackground":true,"ticks":"","zerolinecolor":"white","gridwidth":2},"zaxis":{"backgroundcolor":"#E5ECF6","gridcolor":"white","linecolor":"white","showbackground":true,"ticks":"","zerolinecolor":"white","gridwidth":2}},"shapedefaults":{"line":{"color":"#2a3f5f"}},"annotationdefaults":{"arrowcolor":"#2a3f5f","arrowhead":0,"arrowwidth":1},"geo":{"bgcolor":"white","landcolor":"#E5ECF6","subunitcolor":"white","showland":true,"showlakes":true,"lakecolor":"white"},"title":{"x":0.05},"mapbox":{"style":"light"}}},"margin":{"l":60,"r":40,"t":60,"b":60},"title":{"text":"RSA (Spearman, 1\u2212corr) within: meta-llama\u002fLlama-3.2-3B [hi]"},"xaxis":{"title":{"text":"Layer (X)"}},"yaxis":{"title":{"text":"Layer (Y)"}}},                        {"responsive": true}                    )                };                            </script>        </div>
</body>
</html>