<html>
<head><meta charset="utf-8" /></head>
<body>
    <div>                        <script type="text/javascript">window.PlotlyConfig = {MathJaxConfig: 'local'};</script>
        <script charset="utf-8" src="https://cdn.plot.ly/plotly-2.32.0.min.js"></script>                <div id="7018fc67-9855-4174-9e4f-3c3b843e8e36" class="plotly-graph-div" style="height:100%; width:100%;"></div>            <script type="text/javascript">                                    window.PLOTLYENV=window.PLOTLYENV || {};                                    if (document.getElementById("7018fc67-9855-4174-9e4f-3c3b843e8e36")) {                    Plotly.newPlot(                        "7018fc67-9855-4174-9e4f-3c3b843e8e36",                        [{"colorscale":[[0.0,"#440154"],[0.1111111111111111,"#482878"],[0.2222222222222222,"#3e4989"],[0.3333333333333333,"#31688e"],[0.4444444444444444,"#26828e"],[0.5555555555555556,"#1f9e89"],[0.6666666666666666,"#35b779"],[0.7777777777777778,"#6ece58"],[0.8888888888888888,"#b5de2b"],[1.0,"#fde725"]],"x":["L1","L2","L3","L4","L5","L6","L7","L8","L9","L10","L11","L12","L13","L14","L15","L16","L17","L18","L19","L20","L21","L22","L23","L24","L25","L26","L27","L28"],"y":["L1","L2","L3","L4","L5","L6","L7","L8","L9","L10","L11","L12","L13","L14","L15","L16","L17","L18","L19","L20","L21","L22","L23","L24","L25","L26","L27","L28"],"z":[[0.9999841451644897,0.8865266442298889,0.711519181728363,0.6111823916435242,0.4755620062351227,0.4252155125141144,0.38236603140830994,0.34186065196990967,0.3399932384490967,0.29848241806030273,0.30232030153274536,0.3173716068267822,0.3252551853656769,0.28252139687538147,0.2757916748523712,0.2742350101470947,0.2780875861644745,0.276834636926651,0.273108571767807,0.2697901129722595,0.26011767983436584,0.2543947100639343,0.272821307182312,0.2585144340991974,0.25184255838394165,0.24847817420959473,0.25062990188598633,0.2545080780982971],[0.8865266442298889,0.9999838471412659,0.9146274924278259,0.8274667859077454,0.6424185037612915,0.6014754772186279,0.5541333556175232,0.512903094291687,0.5163814425468445,0.47059908509254456,0.48342177271842957,0.5184517502784729,0.5287590026855469,0.4648805558681488,0.47619926929473877,0.4752827286720276,0.4810580611228943,0.4771880805492401,0.47067058086395264,0.46270155906677246,0.4478547275066376,0.4378516972064972,0.46486860513687134,0.4461330473423004,0.43969017267227173,0.43622565269470215,0.4413473606109619,0.4403097629547119],[0.711519181728363,0.9146274924278259,0.9999841451644897,0.9328727126121521,0.718122124671936,0.6858649253845215,0.637521505355835,0.5968061685562134,0.6008713841438293,0.559185266494751,0.5795119404792786,0.6256711483001709,0.6428583264350891,0.5758655071258545,0.6056578159332275,0.6028363704681396,0.6081938147544861,0.6012011766433716,0.5917229652404785,0.5774452686309814,0.5597043037414551,0.5466416478157043,0.5791679620742798,0.558470606803894,0.5535144209861755,0.5508608818054199,0.5589143633842468,0.5534804463386536],[0.6111823916435242,0.8274667859077454,0.9328727126121521,0.9999837279319763,0.8290237188339233,0.7944368124008179,0.7455315589904785,0.6988391280174255,0.697473406791687,0.6501293778419495,0.6688741445541382,0.7163544297218323,0.7329333424568176,0.6599379181861877,0.685203492641449,0.6853705048561096,0.6896352171897888,0.6825395226478577,0.674709677696228,0.6603609323501587,0.6428562998771667,0.6288840770721436,0.6568511724472046,0.6389769911766052,0.6354930400848389,0.631044864654541,0.6395946145057678,0.6391288638114929],[0.4755620062351227,0.6424185037612915,0.718122124671936,0.8290237188339233,0.9999841451644897,0.9659634232521057,0.9175439476966858,0.8676687479019165,0.8429784178733826,0.7995905876159668,0.8022915124893188,0.8062934279441833,0.8038766980171204,0.7611735463142395,0.7589078545570374,0.7657908797264099,0.7633498907089233,0.7566193342208862,0.7525858879089355,0.7410068511962891,0.7286224961280823,0.7200474739074707,0.7283251285552979,0.7234948873519897,0.7215967774391174,0.7128650546073914,0.712520956993103,0.7096490859985352],[0.4252155125141144,0.6014754772186279,0.6858649253845215,0.7944368124008179,0.9659634232521057,0.9999838471412659,0.9609649181365967,0.9157360196113586,0.8906270265579224,0.84613037109375,0.8473604917526245,0.8427844643592834,0.8274705410003662,0.7776317000389099,0.7729108929634094,0.778943657875061,0.7754117250442505,0.7693303823471069,0.7651792168617249,0.7528692483901978,0.7405611276626587,0.7321776151657104,0.7381280660629272,0.7345548868179321,0.7335042357444763,0.7246876358985901,0.7235940098762512,0.7187018990516663],[0.38236603140830994,0.5541333556175232,0.637521505355835,0.7455315589904785,0.9175439476966858,0.9609649181365967,0.9999841451644897,0.9568625688552856,0.9257389307022095,0.8775661587715149,0.8717988133430481,0.8590317368507385,0.8331422209739685,0.7813581824302673,0.775569498538971,0.7810738682746887,0.7746286988258362,0.7690895795822144,0.7638090252876282,0.7527279257774353,0.7417094111442566,0.7346012592315674,0.7391907572746277,0.7369330525398254,0.736522376537323,0.7288218140602112,0.7288629412651062,0.7251071333885193],[0.34186065196990967,0.512903094291687,0.5968061685562134,0.6988391280174255,0.8676687479019165,0.9157360196113586,0.9568625688552856,0.9999839067459106,0.9670636653900146,0.9125762581825256,0.8992356657981873,0.8771179914474487,0.8448495864868164,0.7946516275405884,0.787183403968811,0.7908807992935181,0.7828740477561951,0.776205837726593,0.7706054449081421,0.7596552968025208,0.7480171918869019,0.7399110198020935,0.7418997287750244,0.7405841946601868,0.7408159375190735,0.7346735596656799,0.731870710849762,0.7266300320625305],[0.3399932384490967,0.5163814425468445,0.6008713841438293,0.697473406791687,0.8429784178733826,0.8906270265579224,0.9257389307022095,0.9670636653900146,0.9999841451644897,0.9335590600967407,0.9216956496238708,0.8977735042572021,0.8636440634727478,0.7970818281173706,0.7898101806640625,0.7934470176696777,0.7861960530281067,0.7811959981918335,0.7760475873947144,0.7668280601501465,0.7563157081604004,0.7479726672172546,0.7499379515647888,0.7456057071685791,0.7443622946739197,0.7391192317008972,0.7365225553512573,0.7327675819396973],[0.29848241806030273,0.47059908509254456,0.559185266494751,0.6501293778419495,0.7995905876159668,0.84613037109375,0.8775661587715149,0.9125762581825256,0.9335590600967407,0.9999840259552002,0.9794120788574219,0.9351686835289001,0.8906550407409668,0.8488397598266602,0.8356009125709534,0.8351081609725952,0.826461136341095,0.8192926645278931,0.8140950798988342,0.7999482750892639,0.7868040204048157,0.7751862406730652,0.7747567296028137,0.7739045023918152,0.7744026184082031,0.7677569389343262,0.7618850469589233,0.7559320330619812],[0.30232030153274536,0.48342177271842957,0.5795119404792786,0.6688741445541382,0.8022915124893188,0.8473604917526245,0.8717988133430481,0.8992356657981873,0.9216956496238708,0.9794120788574219,0.9999834299087524,0.9560409784317017,0.9128563404083252,0.8587687015533447,0.8451011180877686,0.845598042011261,0.8382090926170349,0.8320153951644897,0.8264203071594238,0.8118187189102173,0.7983226180076599,0.7864763140678406,0.7868474721908569,0.7850584387779236,0.7855224609375,0.7769791483879089,0.7705898284912109,0.7630046010017395],[0.3173716068267822,0.5184517502784729,0.6256711483001709,0.7163544297218323,0.8062934279441833,0.8427844643592834,0.8590317368507385,0.8771179914474487,0.8977735042572021,0.9351686835289001,0.9560409784317017,0.9999838471412659,0.965129017829895,0.8829830288887024,0.876318633556366,0.8758255839347839,0.8663846254348755,0.8601816892623901,0.8543031215667725,0.840038001537323,0.8254656791687012,0.815401554107666,0.8201600313186646,0.8136436343193054,0.81043940782547,0.7998921275138855,0.7981916666030884,0.7890520691871643],[0.3252551853656769,0.5287590026855469,0.6428583264350891,0.7329333424568176,0.8038766980171204,0.8274705410003662,0.8331422209739685,0.8448495864868164,0.8636440634727478,0.8906550407409668,0.9128563404083252,0.965129017829895,0.9999838471412659,0.9158053994178772,0.9100298285484314,0.9084327816963196,0.8987483382225037,0.8933964371681213,0.8865715861320496,0.8713553547859192,0.8567124009132385,0.844218373298645,0.8513656854629517,0.8418555855751038,0.837189257144928,0.8256291151046753,0.8267041444778442,0.817923903465271],[0.28252139687538147,0.4648805558681488,0.5758655071258545,0.6599379181861877,0.7611735463142395,0.7776317000389099,0.7813581824302673,0.7946516275405884,0.7970818281173706,0.8488397598266602,0.8587687015533447,0.8829830288887024,0.9158053994178772,0.9999837279319763,0.9820119738578796,0.967921257019043,0.9538998603820801,0.9429343938827515,0.9312313795089722,0.911335825920105,0.8987510800361633,0.8842543959617615,0.8851726055145264,0.8799995183944702,0.8787069916725159,0.8678513765335083,0.8640220761299133,0.8509435653686523],[0.2757916748523712,0.47619926929473877,0.6056578159332275,0.685203492641449,0.7589078545570374,0.7729108929634094,0.775569498538971,0.787183403968811,0.7898101806640625,0.8356009125709534,0.8451011180877686,0.876318633556366,0.9100298285484314,0.9820119738578796,0.9999839067459106,0.9866352081298828,0.9742724895477295,0.9629395604133606,0.9514319896697998,0.9308178424835205,0.916843056678772,0.901576578617096,0.9062755107879639,0.8990880250930786,0.8964738845825195,0.8871715068817139,0.8836292028427124,0.8683747053146362],[0.2742350101470947,0.4752827286720276,0.6028363704681396,0.6853705048561096,0.7657908797264099,0.778943657875061,0.7810738682746887,0.7908807992935181,0.7934470176696777,0.8351081609725952,0.845598042011261,0.8758255839347839,0.9084327816963196,0.967921257019043,0.9866352081298828,0.9999842047691345,0.990410566329956,0.9836570024490356,0.9747558236122131,0.9592170715332031,0.9460902810096741,0.9322144389152527,0.9363536834716797,0.9292721748352051,0.9258977174758911,0.9155186414718628,0.9114619493484497,0.890946090221405],[0.2780875861644745,0.4810580611228943,0.6081938147544861,0.6896352171897888,0.7633498907089233,0.7754117250442505,0.7746286988258362,0.7828740477561951,0.7861960530281067,0.826461136341095,0.8382090926170349,0.8663846254348755,0.8987483382225037,0.9538998603820801,0.9742724895477295,0.990410566329956,0.9999839067459106,0.994163990020752,0.987247884273529,0.9725955128669739,0.9611425995826721,0.9473176002502441,0.9496990442276001,0.9436161518096924,0.9412727952003479,0.931360125541687,0.9258376359939575,0.9038451313972473],[0.276834636926651,0.4771880805492401,0.6012011766433716,0.6825395226478577,0.7566193342208862,0.7693303823471069,0.7690895795822144,0.776205837726593,0.7811959981918335,0.8192926645278931,0.8320153951644897,0.8601816892623901,0.8933964371681213,0.9429343938827515,0.9629395604133606,0.9836570024490356,0.994163990020752,0.9999841451644897,0.9950371980667114,0.9844198226928711,0.974348247051239,0.9609462022781372,0.9626186490058899,0.9559093713760376,0.9527366161346436,0.9413712620735168,0.9364942312240601,0.9112411737442017],[0.273108571767807,0.47067058086395264,0.5917229652404785,0.674709677696228,0.7525858879089355,0.7651792168617249,0.7638090252876282,0.7706054449081421,0.7760475873947144,0.8140950798988342,0.8264203071594238,0.8543031215667725,0.8865715861320496,0.9312313795089722,0.9514319896697998,0.9747558236122131,0.987247884273529,0.9950371980667114,0.9999840259552002,0.991783618927002,0.9826905131340027,0.9697075486183167,0.9704523086547852,0.9627113342285156,0.958472728729248,0.9467213749885559,0.9423436522483826,0.9156412482261658],[0.2697901129722595,0.46270155906677246,0.5774452686309814,0.6603609323501587,0.7410068511962891,0.7528692483901978,0.7527279257774353,0.7596552968025208,0.7668280601501465,0.7999482750892639,0.8118187189102173,0.840038001537323,0.8713553547859192,0.911335825920105,0.9308178424835205,0.9592170715332031,0.9725955128669739,0.9844198226928711,0.991783618927002,0.9999838471412659,0.9937682151794434,0.982498049736023,0.9815658926963806,0.973098635673523,0.9670702815055847,0.9566701650619507,0.9530618190765381,0.9262537360191345],[0.26011767983436584,0.4478547275066376,0.5597043037414551,0.6428562998771667,0.7286224961280823,0.7405611276626587,0.7417094111442566,0.7480171918869019,0.7563157081604004,0.7868040204048157,0.7983226180076599,0.8254656791687012,0.8567124009132385,0.8987510800361633,0.916843056678772,0.9460902810096741,0.9611425995826721,0.974348247051239,0.9826905131340027,0.9937682151794434,0.9999840259552002,0.9923799633979797,0.9883800148963928,0.9808533787727356,0.9753708243370056,0.9664775133132935,0.9627304673194885,0.9346935749053955],[0.2543947100639343,0.4378516972064972,0.5466416478157043,0.6288840770721436,0.7200474739074707,0.7321776151657104,0.7346012592315674,0.7399110198020935,0.7479726672172546,0.7751862406730652,0.7864763140678406,0.815401554107666,0.844218373298645,0.8842543959617615,0.901576578617096,0.9322144389152527,0.9473176002502441,0.9609462022781372,0.9697075486183167,0.982498049736023,0.9923799633979797,0.9999837279319763,0.9923754334449768,0.988261342048645,0.9830938577651978,0.9737332463264465,0.9682911038398743,0.9367433190345764],[0.272821307182312,0.46486860513687134,0.5791679620742798,0.6568511724472046,0.7283251285552979,0.7381280660629272,0.7391907572746277,0.7418997287750244,0.7499379515647888,0.7747567296028137,0.7868474721908569,0.8201600313186646,0.8513656854629517,0.8851726055145264,0.9062755107879639,0.9363536834716797,0.9496990442276001,0.9626186490058899,0.9704523086547852,0.9815658926963806,0.9883800148963928,0.9923754334449768,0.9999839067459106,0.9923930764198303,0.985640823841095,0.9763525724411011,0.973231315612793,0.943750262260437],[0.2585144340991974,0.4461330473423004,0.558470606803894,0.6389769911766052,0.7234948873519897,0.7345548868179321,0.7369330525398254,0.7405841946601868,0.7456057071685791,0.7739045023918152,0.7850584387779236,0.8136436343193054,0.8418555855751038,0.8799995183944702,0.8990880250930786,0.9292721748352051,0.9436161518096924,0.9559093713760376,0.9627113342285156,0.973098635673523,0.9808533787727356,0.988261342048645,0.9923930764198303,0.9999839067459106,0.99549800157547,0.987650454044342,0.9802961349487305,0.9483277201652527],[0.25184255838394165,0.43969017267227173,0.5535144209861755,0.6354930400848389,0.7215967774391174,0.7335042357444763,0.736522376537323,0.7408159375190735,0.7443622946739197,0.7744026184082031,0.7855224609375,0.81043940782547,0.837189257144928,0.8787069916725159,0.8964738845825195,0.9258977174758911,0.9412727952003479,0.9527366161346436,0.958472728729248,0.9670702815055847,0.9753708243370056,0.9830938577651978,0.985640823841095,0.99549800157547,0.9999841451644897,0.9922682642936707,0.9845607280731201,0.9526468515396118],[0.24847817420959473,0.43622565269470215,0.5508608818054199,0.631044864654541,0.7128650546073914,0.7246876358985901,0.7288218140602112,0.7346735596656799,0.7391192317008972,0.7677569389343262,0.7769791483879089,0.7998921275138855,0.8256291151046753,0.8678513765335083,0.8871715068817139,0.9155186414718628,0.931360125541687,0.9413712620735168,0.9467213749885559,0.9566701650619507,0.9664775133132935,0.9737332463264465,0.9763525724411011,0.987650454044342,0.9922682642936707,0.9999836087226868,0.990332841873169,0.964264452457428],[0.25062990188598633,0.4413473606109619,0.5589143633842468,0.6395946145057678,0.712520956993103,0.7235940098762512,0.7288629412651062,0.731870710849762,0.7365225553512573,0.7618850469589233,0.7705898284912109,0.7981916666030884,0.8267041444778442,0.8640220761299133,0.8836292028427124,0.9114619493484497,0.9258376359939575,0.9364942312240601,0.9423436522483826,0.9530618190765381,0.9627304673194885,0.9682911038398743,0.973231315612793,0.9802961349487305,0.9845607280731201,0.990332841873169,0.9999838471412659,0.9789696931838989],[0.2545080780982971,0.4403097629547119,0.5534804463386536,0.6391288638114929,0.7096490859985352,0.7187018990516663,0.7251071333885193,0.7266300320625305,0.7327675819396973,0.7559320330619812,0.7630046010017395,0.7890520691871643,0.817923903465271,0.8509435653686523,0.8683747053146362,0.890946090221405,0.9038451313972473,0.9112411737442017,0.9156412482261658,0.9262537360191345,0.9346935749053955,0.9367433190345764,0.943750262260437,0.9483277201652527,0.9526468515396118,0.964264452457428,0.9789696931838989,0.9999839067459106]],"type":"heatmap"}],                        {"template":{"data":{"histogram2dcontour":[{"type":"histogram2dcontour","colorbar":{"outlinewidth":0,"ticks":""},"colorscale":[[0.0,"#0d0887"],[0.1111111111111111,"#46039f"],[0.2222222222222222,"#7201a8"],[0.3333333333333333,"#9c179e"],[0.4444444444444444,"#bd3786"],[0.5555555555555556,"#d8576b"],[0.6666666666666666,"#ed7953"],[0.7777777777777778,"#fb9f3a"],[0.8888888888888888,"#fdca26"],[1.0,"#f0f921"]]}],"choropleth":[{"type":"choropleth","colorbar":{"outlinewidth":0,"ticks":""}}],"histogram2d":[{"type":"histogram2d","colorbar":{"outlinewidth":0,"ticks":""},"colorscale":[[0.0,"#0d0887"],[0.1111111111111111,"#46039f"],[0.2222222222222222,"#7201a8"],[0.3333333333333333,"#9c179e"],[0.4444444444444444,"#bd3786"],[0.5555555555555556,"#d8576b"],[0.6666666666666666,"#ed7953"],[0.7777777777777778,"#fb9f3a"],[0.8888888888888888,"#fdca26"],[1.0,"#f0f921"]]}],"heatmap":[{"type":"heatmap","colorbar":{"outlinewidth":0,"ticks":""},"colorscale":[[0.0,"#0d0887"],[0.1111111111111111,"#46039f"],[0.2222222222222222,"#7201a8"],[0.3333333333333333,"#9c179e"],[0.4444444444444444,"#bd3786"],[0.5555555555555556,"#d8576b"],[0.6666666666666666,"#ed7953"],[0.7777777777777778,"#fb9f3a"],[0.8888888888888888,"#fdca26"],[1.0,"#f0f921"]]}],"heatmapgl":[{"type":"heatmapgl","colorbar":{"outlinewidth":0,"ticks":""},"colorscale":[[0.0,"#0d0887"],[0.1111111111111111,"#46039f"],[0.2222222222222222,"#7201a8"],[0.3333333333333333,"#9c179e"],[0.4444444444444444,"#bd3786"],[0.5555555555555556,"#d8576b"],[0.6666666666666666,"#ed7953"],[0.7777777777777778,"#fb9f3a"],[0.8888888888888888,"#fdca26"],[1.0,"#f0f921"]]}],"contourcarpet":[{"type":"contourcarpet","colorbar":{"outlinewidth":0,"ticks":""}}],"contour":[{"type":"contour","colorbar":{"outlinewidth":0,"ticks":""},"colorscale":[[0.0,"#0d0887"],[0.1111111111111111,"#46039f"],[0.2222222222222222,"#7201a8"],[0.3333333333333333,"#9c179e"],[0.4444444444444444,"#bd3786"],[0.5555555555555556,"#d8576b"],[0.6666666666666666,"#ed7953"],[0.7777777777777778,"#fb9f3a"],[0.8888888888888888,"#fdca26"],[1.0,"#f0f921"]]}],"surface":[{"type":"surface","colorbar":{"outlinewidth":0,"ticks":""},"colorscale":[[0.0,"#0d0887"],[0.1111111111111111,"#46039f"],[0.2222222222222222,"#7201a8"],[0.3333333333333333,"#9c179e"],[0.4444444444444444,"#bd3786"],[0.5555555555555556,"#d8576b"],[0.6666666666666666,"#ed7953"],[0.7777777777777778,"#fb9f3a"],[0.8888888888888888,"#fdca26"],[1.0,"#f0f921"]]}],"mesh3d":[{"type":"mesh3d","colorbar":{"outlinewidth":0,"ticks":""}}],"scatter":[{"fillpattern":{"fillmode":"overlay","size":10,"solidity":0.2},"type":"scatter"}],"parcoords":[{"type":"parcoords","line":{"colorbar":{"outlinewidth":0,"ticks":""}}}],"scatterpolargl":[{"type":"scatterpolargl","marker":{"colorbar":{"outlinewidth":0,"ticks":""}}}],"bar":[{"error_x":{"color":"#2a3f5f"},"error_y":{"color":"#2a3f5f"},"marker":{"line":{"color":"#E5ECF6","width":0.5},"pattern":{"fillmode":"overlay","size":10,"solidity":0.2}},"type":"bar"}],"scattergeo":[{"type":"scattergeo","marker":{"colorbar":{"outlinewidth":0,"ticks":""}}}],"scatterpolar":[{"type":"scatterpolar","marker":{"colorbar":{"outlinewidth":0,"ticks":""}}}],"histogram":[{"marker":{"pattern":{"fillmode":"overlay","size":10,"solidity":0.2}},"type":"histogram"}],"scattergl":[{"type":"scattergl","marker":{"colorbar":{"outlinewidth":0,"ticks":""}}}],"scatter3d":[{"type":"scatter3d","line":{"colorbar":{"outlinewidth":0,"ticks":""}},"marker":{"colorbar":{"outlinewidth":0,"ticks":""}}}],"scattermapbox":[{"type":"scattermapbox","marker":{"colorbar":{"outlinewidth":0,"ticks":""}}}],"scatterternary":[{"type":"scatterternary","marker":{"colorbar":{"outlinewidth":0,"ticks":""}}}],"scattercarpet":[{"type":"scattercarpet","marker":{"colorbar":{"outlinewidth":0,"ticks":""}}}],"carpet":[{"aaxis":{"endlinecolor":"#2a3f5f","gridcolor":"white","linecolor":"white","minorgridcolor":"white","startlinecolor":"#2a3f5f"},"baxis":{"endlinecolor":"#2a3f5f","gridcolor":"white","linecolor":"white","minorgridcolor":"white","startlinecolor":"#2a3f5f"},"type":"carpet"}],"table":[{"cells":{"fill":{"color":"#EBF0F8"},"line":{"color":"white"}},"header":{"fill":{"color":"#C8D4E3"},"line":{"color":"white"}},"type":"table"}],"barpolar":[{"marker":{"line":{"color":"#E5ECF6","width":0.5},"pattern":{"fillmode":"overlay","size":10,"solidity":0.2}},"type":"barpolar"}],"pie":[{"automargin":true,"type":"pie"}]},"layout":{"autotypenumbers":"strict","colorway":["#636efa","#EF553B","#00cc96","#ab63fa","#FFA15A","#19d3f3","#FF6692","#B6E880","#FF97FF","#FECB52"],"font":{"color":"#2a3f5f"},"hovermode":"closest","hoverlabel":{"align":"left"},"paper_bgcolor":"white","plot_bgcolor":"#E5ECF6","polar":{"bgcolor":"#E5ECF6","angularaxis":{"gridcolor":"white","linecolor":"white","ticks":""},"radialaxis":{"gridcolor":"white","linecolor":"white","ticks":""}},"ternary":{"bgcolor":"#E5ECF6","aaxis":{"gridcolor":"white","linecolor":"white","ticks":""},"baxis":{"gridcolor":"white","linecolor":"white","ticks":""},"caxis":{"gridcolor":"white","linecolor":"white","ticks":""}},"coloraxis":{"colorbar":{"outlinewidth":0,"ticks":""}},"colorscale":{"sequential":[[0.0,"#0d0887"],[0.1111111111111111,"#46039f"],[0.2222222222222222,"#7201a8"],[0.3333333333333333,"#9c179e"],[0.4444444444444444,"#bd3786"],[0.5555555555555556,"#d8576b"],[0.6666666666666666,"#ed7953"],[0.7777777777777778,"#fb9f3a"],[0.8888888888888888,"#fdca26"],[1.0,"#f0f921"]],"sequentialminus":[[0.0,"#0d0887"],[0.1111111111111111,"#46039f"],[0.2222222222222222,"#7201a8"],[0.3333333333333333,"#9c179e"],[0.4444444444444444,"#bd3786"],[0.5555555555555556,"#d8576b"],[0.6666666666666666,"#ed7953"],[0.7777777777777778,"#fb9f3a"],[0.8888888888888888,"#fdca26"],[1.0,"#f0f921"]],"diverging":[[0,"#8e0152"],[0.1,"#c51b7d"],[0.2,"#de77ae"],[0.3,"#f1b6da"],[0.4,"#fde0ef"],[0.5,"#f7f7f7"],[0.6,"#e6f5d0"],[0.7,"#b8e186"],[0.8,"#7fbc41"],[0.9,"#4d9221"],[1,"#276419"]]},"xaxis":{"gridcolor":"white","linecolor":"white","ticks":"","title":{"standoff":15},"zerolinecolor":"white","automargin":true,"zerolinewidth":2},"yaxis":{"gridcolor":"white","linecolor":"white","ticks":"","title":{"standoff":15},"zerolinecolor":"white","automargin":true,"zerolinewidth":2},"scene":{"xaxis":{"backgroundcolor":"#E5ECF6","gridcolor":"white","linecolor":"white","showbackground":true,"ticks":"","zerolinecolor":"white","gridwidth":2},"yaxis":{"backgroundcolor":"#E5ECF6","gridcolor":"white","linecolor":"white","showbackground":true,"ticks":"","zerolinecolor":"white","gridwidth":2},"zaxis":{"backgroundcolor":"#E5ECF6","gridcolor":"white","linecolor":"white","showbackground":true,"ticks":"","zerolinecolor":"white","gridwidth":2}},"shapedefaults":{"line":{"color":"#2a3f5f"}},"annotationdefaults":{"arrowcolor":"#2a3f5f","arrowhead":0,"arrowwidth":1},"geo":{"bgcolor":"white","landcolor":"#E5ECF6","subunitcolor":"white","showland":true,"showlakes":true,"lakecolor":"white"},"title":{"x":0.05},"mapbox":{"style":"light"}}},"margin":{"l":60,"r":40,"t":60,"b":60},"title":{"text":"RSA (Spearman, 1\u2212cos) within: meta-llama\u002fLlama-3.2-3B [hi]"},"xaxis":{"title":{"text":"Layer (X)"}},"yaxis":{"title":{"text":"Layer (Y)"}}},                        {"responsive": true}                    )                };                            </script>        </div>
</body>
</html>