{
  "matrix": [
    [
      1.0,
      0.9605947136878967,
      0.9238622784614563,
      0.8424504399299622,
      0.6693969964981079,
      0.6750143766403198,
      0.6739829778671265,
      0.6031990051269531,
      0.6125386357307434,
      0.563747763633728,
      0.5946288108825684,
      0.6517837643623352,
      0.6718918085098267,
      0.5906972289085388,
      0.6512860655784607,
      0.6383997797966003,
      0.6410923004150391,
      0.6294000148773193,
      0.615411639213562,
      0.5999043583869934,
      0.5948163866996765,
      0.5919787883758545,
      0.6163032650947571,
      0.6044256687164307,
      0.6120833158493042,
      0.6124162077903748,
      0.6321452260017395,
      0.6313379406929016
    ],
    [
      0.9605947136878967,
      1.0,
      0.9719053506851196,
      0.89447021484375,
      0.7277362942695618,
      0.7328102588653564,
      0.7363690137863159,
      0.6633487343788147,
      0.67091965675354,
      0.6191973686218262,
      0.6466242671012878,
      0.6997294425964355,
      0.7080413699150085,
      0.6262058019638062,
      0.6754043698310852,
      0.6623407006263733,
      0.6690848469734192,
      0.656783401966095,
      0.6441083550453186,
      0.6305913329124451,
      0.6287000775337219,
      0.6255887150764465,
      0.6449729800224304,
      0.6331502199172974,
      0.6421569585800171,
      0.6401000618934631,
      0.6543497443199158,
      0.6543252468109131
    ],
    [
      0.9238622784614563,
      0.9719053506851196,
      1.0,
      0.9365025758743286,
      0.7711648941040039,
      0.7790265083312988,
      0.7822462320327759,
      0.7092679142951965,
      0.7140111327171326,
      0.6579718589782715,
      0.686041533946991,
      0.733039915561676,
      0.735734224319458,
      0.6506599187850952,
      0.6940994262695312,
      0.6855087280273438,
      0.6918734312057495,
      0.6817628741264343,
      0.6717724204063416,
      0.6615936756134033,
      0.6605224013328552,
      0.6580526232719421,
      0.6750825047492981,
      0.6648512482643127,
      0.6737154126167297,
      0.6707313656806946,
      0.6830739378929138,
      0.6836389899253845
    ],
    [
      0.8424504399299622,
      0.89447021484375,
      0.9365025758743286,
      1.0,
      0.8829423785209656,
      0.8793110847473145,
      0.8664903044700623,
      0.7980756759643555,
      0.7950925827026367,
      0.737774670124054,
      0.7644343376159668,
      0.800514280796051,
      0.7998800873756409,
      0.7133733630180359,
      0.7446431517601013,
      0.7450422644615173,
      0.750201404094696,
      0.7434533834457397,
      0.7382075190544128,
      0.7329915165901184,
      0.7312339544296265,
      0.7277035713195801,
      0.7388198375701904,
      0.7356560230255127,
      0.743289589881897,
      0.7385480999946594,
      0.7460895776748657,
      0.7519993782043457
    ],
    [
      0.6693969964981079,
      0.7277362942695618,
      0.7711648941040039,
      0.8829423785209656,
      0.9999998807907104,
      0.9639098644256592,
      0.9202827215194702,
      0.8677103519439697,
      0.851485550403595,
      0.8008080720901489,
      0.8179129958152771,
      0.8320863246917725,
      0.819538414478302,
      0.7540276646614075,
      0.7613382339477539,
      0.7713011503219604,
      0.7781341075897217,
      0.7751325368881226,
      0.7722145318984985,
      0.7706212997436523,
      0.7635861039161682,
      0.7585606575012207,
      0.7593957185745239,
      0.7630253434181213,
      0.7686607241630554,
      0.757755696773529,
      0.7539625763893127,
      0.7581907510757446
    ],
    [
      0.6750143766403198,
      0.7328102588653564,
      0.7790265083312988,
      0.8793110847473145,
      0.9639098644256592,
      1.0000001192092896,
      0.9643115997314453,
      0.9189502596855164,
      0.9036788940429688,
      0.8484079241752625,
      0.8641717433929443,
      0.8748327493667603,
      0.8577337265014648,
      0.7873209714889526,
      0.7951733469963074,
      0.8029943108558655,
      0.8068276047706604,
      0.802929162979126,
      0.8012120723724365,
      0.7994440793991089,
      0.7929633259773254,
      0.7884137034416199,
      0.7894921898841858,
      0.7923177480697632,
      0.7979150414466858,
      0.7874112129211426,
      0.7838173508644104,
      0.7834970951080322
    ],
    [
      0.6739829778671265,
      0.7363690137863159,
      0.7822462320327759,
      0.8664903044700623,
      0.9202827215194702,
      0.9643115997314453,
      1.0,
      0.9532995820045471,
      0.9349349141120911,
      0.8795351982116699,
      0.891990602016449,
      0.8995442390441895,
      0.8748672008514404,
      0.8005872368812561,
      0.8039576411247253,
      0.8053907752037048,
      0.8092350959777832,
      0.8043470978736877,
      0.8034722805023193,
      0.8010382056236267,
      0.7966407537460327,
      0.7927932739257812,
      0.7937294840812683,
      0.7934361100196838,
      0.8006057739257812,
      0.7922068238258362,
      0.7882689833641052,
      0.7827942371368408
    ],
    [
      0.6031990051269531,
      0.6633487343788147,
      0.7092679142951965,
      0.7980756759643555,
      0.8677103519439697,
      0.9189502596855164,
      0.9532995820045471,
      0.9999999403953552,
      0.973774790763855,
      0.9113760590553284,
      0.9172387719154358,
      0.9121789336204529,
      0.8797369003295898,
      0.8254460692405701,
      0.8177802562713623,
      0.8181518316268921,
      0.8149276971817017,
      0.8091667294502258,
      0.8082877993583679,
      0.8082352876663208,
      0.8032567501068115,
      0.7992278337478638,
      0.7970095872879028,
      0.7970120906829834,
      0.8025237917900085,
      0.7923809289932251,
      0.7843896150588989,
      0.7766698002815247
    ],
    [
      0.6125386357307434,
      0.67091965675354,
      0.7140111327171326,
      0.7950925827026367,
      0.851485550403595,
      0.9036788940429688,
      0.9349349141120911,
      0.973774790763855,
      0.9999999403953552,
      0.9290616512298584,
      0.9316554069519043,
      0.9299554228782654,
      0.8982791900634766,
      0.8222371935844421,
      0.8202129602432251,
      0.8231201171875,
      0.8209238648414612,
      0.8168744444847107,
      0.8166487216949463,
      0.8172475695610046,
      0.8145012259483337,
      0.8108062148094177,
      0.8092693090438843,
      0.808360755443573,
      0.8137787580490112,
      0.8066015243530273,
      0.8011007308959961,
      0.7947831749916077
    ],
    [
      0.563747763633728,
      0.6191973686218262,
      0.6579718589782715,
      0.737774670124054,
      0.8008080720901489,
      0.8484079241752625,
      0.8795351982116699,
      0.9113760590553284,
      0.9290616512298584,
      1.0000001192092896,
      0.9802404046058655,
      0.9468741416931152,
      0.904554009437561,
      0.8442618250846863,
      0.8348901867866516,
      0.8275142908096313,
      0.8221445679664612,
      0.8139020204544067,
      0.8124196529388428,
      0.8050887584686279,
      0.7977837324142456,
      0.7925375699996948,
      0.7901045680046082,
      0.7860507965087891,
      0.7910459637641907,
      0.7836241722106934,
      0.7750825881958008,
      0.7631153464317322
    ],
    [
      0.5946288108825684,
      0.6466242671012878,
      0.686041533946991,
      0.7644343376159668,
      0.8179129958152771,
      0.8641717433929443,
      0.891990602016449,
      0.9172387719154358,
      0.9316554069519043,
      0.9802404046058655,
      1.0000001192092896,
      0.9697099924087524,
      0.9285786151885986,
      0.8618357181549072,
      0.852098822593689,
      0.8486095666885376,
      0.8438345193862915,
      0.8365034461021423,
      0.8346864581108093,
      0.8287742137908936,
      0.8208667635917664,
      0.8155327439308167,
      0.8129572868347168,
      0.8102515339851379,
      0.8156180381774902,
      0.8056607246398926,
      0.7970337271690369,
      0.7867757081985474
    ],
    [
      0.6517837643623352,
      0.6997294425964355,
      0.733039915561676,
      0.800514280796051,
      0.8320863246917725,
      0.8748327493667603,
      0.8995442390441895,
      0.9121789336204529,
      0.9299554228782654,
      0.9468741416931152,
      0.9697099924087524,
      1.0,
      0.9712090492248535,
      0.8849610090255737,
      0.88773113489151,
      0.8857868909835815,
      0.8819022178649902,
      0.8763676285743713,
      0.8729305863380432,
      0.8653414249420166,
      0.857236385345459,
      0.8511732816696167,
      0.8508040904998779,
      0.8472340106964111,
      0.8527012467384338,
      0.8444360494613647,
      0.8387568593025208,
      0.8206930756568909
    ],
    [
      0.6718918085098267,
      0.7080413699150085,
      0.735734224319458,
      0.7998800873756409,
      0.819538414478302,
      0.8577337265014648,
      0.8748672008514404,
      0.8797369003295898,
      0.8982791900634766,
      0.904554009437561,
      0.9285786151885986,
      0.9712090492248535,
      1.0,
      0.9044221639633179,
      0.9163835644721985,
      0.920019268989563,
      0.9161496162414551,
      0.9139239192008972,
      0.9097275137901306,
      0.8999528884887695,
      0.8893742561340332,
      0.8841485381126404,
      0.8859089612960815,
      0.8827881217002869,
      0.885838508605957,
      0.8787864446640015,
      0.8744950890541077,
      0.8521876335144043
    ],
    [
      0.5906972289085388,
      0.6262058019638062,
      0.6506599187850952,
      0.7133733630180359,
      0.7540276646614075,
      0.7873209714889526,
      0.8005872368812561,
      0.8254460692405701,
      0.8222371935844421,
      0.8442618250846863,
      0.8618357181549072,
      0.8849610090255737,
      0.9044221639633179,
      1.0,
      0.973304033279419,
      0.949640691280365,
      0.9342269897460938,
      0.918365478515625,
      0.9047145843505859,
      0.8860208988189697,
      0.8718905448913574,
      0.8620107173919678,
      0.8588259816169739,
      0.8515896201133728,
      0.8538675308227539,
      0.8393106460571289,
      0.8259018659591675,
      0.7961941361427307
    ],
    [
      0.6512860655784607,
      0.6754043698310852,
      0.6940994262695312,
      0.7446431517601013,
      0.7613382339477539,
      0.7951733469963074,
      0.8039576411247253,
      0.8177802562713623,
      0.8202129602432251,
      0.8348901867866516,
      0.852098822593689,
      0.88773113489151,
      0.9163835644721985,
      0.973304033279419,
      1.0,
      0.9819493889808655,
      0.9695641994476318,
      0.9568214416503906,
      0.9436805248260498,
      0.9221645593643188,
      0.9062908887863159,
      0.8963080048561096,
      0.8988741636276245,
      0.8884361386299133,
      0.8885132670402527,
      0.8790943622589111,
      0.8705024123191833,
      0.8301189541816711
    ],
    [
      0.6383997797966003,
      0.6623407006263733,
      0.6855087280273438,
      0.7450422644615173,
      0.7713011503219604,
      0.8029943108558655,
      0.8053907752037048,
      0.8181518316268921,
      0.8231201171875,
      0.8275142908096313,
      0.8486095666885376,
      0.8857868909835815,
      0.920019268989563,
      0.949640691280365,
      0.9819493889808655,
      1.0,
      0.9906738996505737,
      0.9834286570549011,
      0.9735669493675232,
      0.9580779075622559,
      0.9442792534828186,
      0.9359214305877686,
      0.9359558820724487,
      0.9287397265434265,
      0.9280276894569397,
      0.9185082912445068,
      0.9088384509086609,
      0.8652849197387695
    ],
    [
      0.6410923004150391,
      0.6690848469734192,
      0.6918734312057495,
      0.750201404094696,
      0.7781341075897217,
      0.8068276047706604,
      0.8092350959777832,
      0.8149276971817017,
      0.8209238648414612,
      0.8221445679664612,
      0.8438345193862915,
      0.8819022178649902,
      0.9161496162414551,
      0.9342269897460938,
      0.9695641994476318,
      0.9906738996505737,
      1.0,
      0.9934270977973938,
      0.9852619767189026,
      0.9705615639686584,
      0.958199143409729,
      0.9490308165550232,
      0.9469727277755737,
      0.9403998255729675,
      0.9399775862693787,
      0.9298268556594849,
      0.9179069995880127,
      0.8750920295715332
    ],
    [
      0.6294000148773193,
      0.656783401966095,
      0.6817628741264343,
      0.7434533834457397,
      0.7751325368881226,
      0.802929162979126,
      0.8043470978736877,
      0.8091667294502258,
      0.8168744444847107,
      0.8139020204544067,
      0.8365034461021423,
      0.8763676285743713,
      0.9139239192008972,
      0.918365478515625,
      0.9568214416503906,
      0.9834286570549011,
      0.9934270977973938,
      1.0,
      0.993769109249115,
      0.982519805431366,
      0.9703714847564697,
      0.9618990421295166,
      0.9596097469329834,
      0.9544342756271362,
      0.9533129334449768,
      0.9428862929344177,
      0.930607795715332,
      0.8860139846801758
    ],
    [
      0.615411639213562,
      0.6441083550453186,
      0.6717724204063416,
      0.7382075190544128,
      0.7722145318984985,
      0.8012120723724365,
      0.8034722805023193,
      0.8082877993583679,
      0.8166487216949463,
      0.8124196529388428,
      0.8346864581108093,
      0.8729305863380432,
      0.9097275137901306,
      0.9047145843505859,
      0.9436805248260498,
      0.9735669493675232,
      0.9852619767189026,
      0.993769109249115,
      1.0,
      0.991001307964325,
      0.9799726009368896,
      0.9732190370559692,
      0.9701024293899536,
      0.9657609462738037,
      0.9642949104309082,
      0.9538243412971497,
      0.9407882690429688,
      0.8954405188560486
    ],
    [
      0.5999043583869934,
      0.6305913329124451,
      0.6615936756134033,
      0.7329915165901184,
      0.7706212997436523,
      0.7994440793991089,
      0.8010382056236267,
      0.8082352876663208,
      0.8172475695610046,
      0.8050887584686279,
      0.8287742137908936,
      0.8653414249420166,
      0.8999528884887695,
      0.8860208988189697,
      0.9221645593643188,
      0.9580779075622559,
      0.9705615639686584,
      0.982519805431366,
      0.991001307964325,
      1.0,
      0.9926676154136658,
      0.9874168038368225,
      0.983068585395813,
      0.9800794124603271,
      0.9778165221214294,
      0.9673368334770203,
      0.9527497887611389,
      0.911247193813324
    ],
    [
      0.5948163866996765,
      0.6287000775337219,
      0.6605224013328552,
      0.7312339544296265,
      0.7635861039161682,
      0.7929633259773254,
      0.7966407537460327,
      0.8032567501068115,
      0.8145012259483337,
      0.7977837324142456,
      0.8208667635917664,
      0.857236385345459,
      0.8893742561340332,
      0.8718905448913574,
      0.9062908887863159,
      0.9442792534828186,
      0.958199143409729,
      0.9703714847564697,
      0.9799726009368896,
      0.9926676154136658,
      0.9999999403953552,
      0.9954631328582764,
      0.9894688129425049,
      0.985599935054779,
      0.9833950996398926,
      0.9741747975349426,
      0.9592545628547668,
      0.9192711114883423
    ],
    [
      0.5919787883758545,
      0.6255887150764465,
      0.6580526232719421,
      0.7277035713195801,
      0.7585606575012207,
      0.7884137034416199,
      0.7927932739257812,
      0.7992278337478638,
      0.8108062148094177,
      0.7925375699996948,
      0.8155327439308167,
      0.8511732816696167,
      0.8841485381126404,
      0.8620107173919678,
      0.8963080048561096,
      0.9359214305877686,
      0.9490308165550232,
      0.9618990421295166,
      0.9732190370559692,
      0.9874168038368225,
      0.9954631328582764,
      1.0000001192092896,
      0.9946834444999695,
      0.9906325936317444,
      0.9884654879570007,
      0.979981005191803,
      0.9659886360168457,
      0.9250179529190063
    ],
    [
      0.6163032650947571,
      0.6449729800224304,
      0.6750825047492981,
      0.7388198375701904,
      0.7593957185745239,
      0.7894921898841858,
      0.7937294840812683,
      0.7970095872879028,
      0.8092693090438843,
      0.7901045680046082,
      0.8129572868347168,
      0.8508040904998779,
      0.8859089612960815,
      0.8588259816169739,
      0.8988741636276245,
      0.9359558820724487,
      0.9469727277755737,
      0.9596097469329834,
      0.9701024293899536,
      0.983068585395813,
      0.9894688129425049,
      0.9946834444999695,
      1.0000001192092896,
      0.9942944645881653,
      0.9917818307876587,
      0.9851049184799194,
      0.9746668338775635,
      0.9320797920227051
    ],
    [
      0.6044256687164307,
      0.6331502199172974,
      0.6648512482643127,
      0.7356560230255127,
      0.7630253434181213,
      0.7923177480697632,
      0.7934361100196838,
      0.7970120906829834,
      0.808360755443573,
      0.7860507965087891,
      0.8102515339851379,
      0.8472340106964111,
      0.8827881217002869,
      0.8515896201133728,
      0.8884361386299133,
      0.9287397265434265,
      0.9403998255729675,
      0.9544342756271362,
      0.9657609462738037,
      0.9800794124603271,
      0.985599935054779,
      0.9906325936317444,
      0.9942944645881653,
      0.9999999403953552,
      0.9970963597297668,
      0.9899168610572815,
      0.9788445234298706,
      0.9403716325759888
    ],
    [
      0.6120833158493042,
      0.6421569585800171,
      0.6737154126167297,
      0.743289589881897,
      0.7686607241630554,
      0.7979150414466858,
      0.8006057739257812,
      0.8025237917900085,
      0.8137787580490112,
      0.7910459637641907,
      0.8156180381774902,
      0.8527012467384338,
      0.885838508605957,
      0.8538675308227539,
      0.8885132670402527,
      0.9280276894569397,
      0.9399775862693787,
      0.9533129334449768,
      0.9642949104309082,
      0.9778165221214294,
      0.9833950996398926,
      0.9884654879570007,
      0.9917818307876587,
      0.9970963597297668,
      1.0,
      0.9929713010787964,
      0.9825612306594849,
      0.9448426961898804
    ],
    [
      0.6124162077903748,
      0.6401000618934631,
      0.6707313656806946,
      0.7385480999946594,
      0.757755696773529,
      0.7874112129211426,
      0.7922068238258362,
      0.7923809289932251,
      0.8066015243530273,
      0.7836241722106934,
      0.8056607246398926,
      0.8444360494613647,
      0.8787864446640015,
      0.8393106460571289,
      0.8790943622589111,
      0.9185082912445068,
      0.9298268556594849,
      0.9428862929344177,
      0.9538243412971497,
      0.9673368334770203,
      0.9741747975349426,
      0.979981005191803,
      0.9851049184799194,
      0.9899168610572815,
      0.9929713010787964,
      1.0000001192092896,
      0.9928755164146423,
      0.9552993178367615
    ],
    [
      0.6321452260017395,
      0.6543497443199158,
      0.6830739378929138,
      0.7460895776748657,
      0.7539625763893127,
      0.7838173508644104,
      0.7882689833641052,
      0.7843896150588989,
      0.8011007308959961,
      0.7750825881958008,
      0.7970337271690369,
      0.8387568593025208,
      0.8744950890541077,
      0.8259018659591675,
      0.8705024123191833,
      0.9088384509086609,
      0.9179069995880127,
      0.930607795715332,
      0.9407882690429688,
      0.9527497887611389,
      0.9592545628547668,
      0.9659886360168457,
      0.9746668338775635,
      0.9788445234298706,
      0.9825612306594849,
      0.9928755164146423,
      1.0,
      0.9641736149787903
    ],
    [
      0.6313379406929016,
      0.6543252468109131,
      0.6836389899253845,
      0.7519993782043457,
      0.7581907510757446,
      0.7834970951080322,
      0.7827942371368408,
      0.7766698002815247,
      0.7947831749916077,
      0.7631153464317322,
      0.7867757081985474,
      0.8206930756568909,
      0.8521876335144043,
      0.7961941361427307,
      0.8301189541816711,
      0.8652849197387695,
      0.8750920295715332,
      0.8860139846801758,
      0.8954405188560486,
      0.911247193813324,
      0.9192711114883423,
      0.9250179529190063,
      0.9320797920227051,
      0.9403716325759888,
      0.9448426961898804,
      0.9552993178367615,
      0.9641736149787903,
      1.0000001192092896
    ]
  ],
  "x_labels": [
    "L1",
    "L2",
    "L3",
    "L4",
    "L5",
    "L6",
    "L7",
    "L8",
    "L9",
    "L10",
    "L11",
    "L12",
    "L13",
    "L14",
    "L15",
    "L16",
    "L17",
    "L18",
    "L19",
    "L20",
    "L21",
    "L22",
    "L23",
    "L24",
    "L25",
    "L26",
    "L27",
    "L28"
  ],
  "y_labels": [
    "L1",
    "L2",
    "L3",
    "L4",
    "L5",
    "L6",
    "L7",
    "L8",
    "L9",
    "L10",
    "L11",
    "L12",
    "L13",
    "L14",
    "L15",
    "L16",
    "L17",
    "L18",
    "L19",
    "L20",
    "L21",
    "L22",
    "L23",
    "L24",
    "L25",
    "L26",
    "L27",
    "L28"
  ],
  "metric": "cka",
  "title": "CKA within: meta-llama/Llama-3.2-3B [en]",
  "model_a": "meta-llama/Llama-3.2-3B",
  "model_b": null,
  "info": {}
}