{
  "matrix": [
    [
      0.9999838471412659,
      0.9525301456451416,
      0.8983494639396667,
      0.7473809719085693,
      0.5080398917198181,
      0.5064781904220581,
      0.5102351307868958,
      0.42170098423957825,
      0.43613582849502563,
      0.39207518100738525,
      0.4154331684112549,
      0.4725988209247589,
      0.5048254132270813,
      0.4254602789878845,
      0.5013386607170105,
      0.4635924696922302,
      0.4600875675678253,
      0.4420279562473297,
      0.4228529632091522,
      0.40033742785453796,
      0.39718177914619446,
      0.3896116018295288,
      0.42515864968299866,
      0.41269898414611816,
      0.414103627204895,
      0.41845446825027466,
      0.45668789744377136,
      0.47279247641563416
    ],
    [
      0.9525301456451416,
      0.9999839067459106,
      0.9571112990379333,
      0.8309546113014221,
      0.5950952768325806,
      0.5948122143745422,
      0.5948886871337891,
      0.5040452480316162,
      0.5165704488754272,
      0.4647798240184784,
      0.48954063653945923,
      0.5457260012626648,
      0.5706014633178711,
      0.48467814922332764,
      0.5533862113952637,
      0.5171284675598145,
      0.5123704075813293,
      0.4955763816833496,
      0.4778130352497101,
      0.4574621915817261,
      0.45559191703796387,
      0.4482998549938202,
      0.4796859622001648,
      0.46928417682647705,
      0.47108811140060425,
      0.47399652004241943,
      0.508581280708313,
      0.5259439945220947
    ],
    [
      0.8983494639396667,
      0.9571112990379333,
      0.9999839067459106,
      0.898198127746582,
      0.6552417278289795,
      0.6560518741607666,
      0.6553389430046082,
      0.55793297290802,
      0.5680215358734131,
      0.506766140460968,
      0.5322420001029968,
      0.5856198072433472,
      0.6033404469490051,
      0.5137118697166443,
      0.5775556564331055,
      0.5451220273971558,
      0.540428876876831,
      0.5251523852348328,
      0.5090257525444031,
      0.49144086241722107,
      0.49031880497932434,
      0.48397916555404663,
      0.51340651512146,
      0.5049746632575989,
      0.5071504712104797,
      0.5095012784004211,
      0.5423785448074341,
      0.5590162873268127
    ],
    [
      0.7473809719085693,
      0.8309546113014221,
      0.898198127746582,
      0.9999837279319763,
      0.8260127902030945,
      0.8107159733772278,
      0.7923814058303833,
      0.6912599205970764,
      0.6868695616722107,
      0.6177825331687927,
      0.6440554261207581,
      0.6856968402862549,
      0.6947861313819885,
      0.6046074628829956,
      0.6485986709594727,
      0.6315322518348694,
      0.6291981935501099,
      0.6183515787124634,
      0.6084805727005005,
      0.5965842604637146,
      0.5963476300239563,
      0.5892504453659058,
      0.6061025261878967,
      0.6052737236022949,
      0.6089609265327454,
      0.6064035296440125,
      0.6254115700721741,
      0.6442492008209229
    ],
    [
      0.5080398917198181,
      0.5950952768325806,
      0.6552417278289795,
      0.8260127902030945,
      0.9999839067459106,
      0.9558942317962646,
      0.9028444290161133,
      0.827653706073761,
      0.8008604645729065,
      0.7402610182762146,
      0.7565785050392151,
      0.7676472663879395,
      0.7527955770492554,
      0.7018464803695679,
      0.711645781993866,
      0.7142763733863831,
      0.7179218530654907,
      0.7132924199104309,
      0.7071943283081055,
      0.6994858384132385,
      0.6920623779296875,
      0.6866931915283203,
      0.6871024966239929,
      0.689991295337677,
      0.6940386295318604,
      0.6798579692840576,
      0.6760494112968445,
      0.6772385835647583
    ],
    [
      0.5064781904220581,
      0.5948122143745422,
      0.6560518741607666,
      0.8107159733772278,
      0.9558942317962646,
      0.9999837279319763,
      0.9520110487937927,
      0.8821016550064087,
      0.8550642132759094,
      0.7898905873298645,
      0.8036441206932068,
      0.8094991445541382,
      0.7897751927375793,
      0.7379621863365173,
      0.7463628053665161,
      0.7450364828109741,
      0.7444347739219666,
      0.7381325960159302,
      0.7319011092185974,
      0.7234495878219604,
      0.7159436345100403,
      0.7108926773071289,
      0.7127578854560852,
      0.7152751684188843,
      0.7184258103370667,
      0.7037420868873596,
      0.7003260850906372,
      0.696887195110321
    ],
    [
      0.5102351307868958,
      0.5948886871337891,
      0.6553389430046082,
      0.7923814058303833,
      0.9028444290161133,
      0.9520110487937927,
      0.9999842047691345,
      0.9266056418418884,
      0.8966971039772034,
      0.8291306495666504,
      0.83852618932724,
      0.8423728942871094,
      0.8185379505157471,
      0.7597256302833557,
      0.7627813816070557,
      0.7574902772903442,
      0.754951000213623,
      0.7484862208366394,
      0.7429784536361694,
      0.7361591458320618,
      0.73027503490448,
      0.7258405089378357,
      0.7274226546287537,
      0.7279592156410217,
      0.7314687967300415,
      0.7188674807548523,
      0.714871883392334,
      0.709412157535553
    ],
    [
      0.42170098423957825,
      0.5040452480316162,
      0.55793297290802,
      0.6912599205970764,
      0.827653706073761,
      0.8821016550064087,
      0.9266056418418884,
      0.9999837279319763,
      0.9589860439300537,
      0.8771306872367859,
      0.8768985867500305,
      0.8676013946533203,
      0.8306980133056641,
      0.799691915512085,
      0.7869109511375427,
      0.7821150422096252,
      0.7721619009971619,
      0.7631957530975342,
      0.7561776638031006,
      0.7518291473388672,
      0.7439953684806824,
      0.7397961616516113,
      0.7361472845077515,
      0.7361660599708557,
      0.7381356358528137,
      0.7230287194252014,
      0.7126321792602539,
      0.7007302045822144
    ],
    [
      0.43613582849502563,
      0.5165704488754272,
      0.5680215358734131,
      0.6868695616722107,
      0.8008604645729065,
      0.8550642132759094,
      0.8966971039772034,
      0.9589860439300537,
      0.9999840259552002,
      0.9016710519790649,
      0.8970597982406616,
      0.8890595436096191,
      0.8491466641426086,
      0.7895473837852478,
      0.7822360396385193,
      0.7757030129432678,
      0.7665423154830933,
      0.757766842842102,
      0.7504960298538208,
      0.7460151314735413,
      0.7401907444000244,
      0.7356627583503723,
      0.7336604595184326,
      0.7320467829704285,
      0.7340746521949768,
      0.7236112356185913,
      0.7183336615562439,
      0.7119622230529785
    ],
    [
      0.39207518100738525,
      0.4647798240184784,
      0.506766140460968,
      0.6177825331687927,
      0.7402610182762146,
      0.7898905873298645,
      0.8291306495666504,
      0.8771306872367859,
      0.9016710519790649,
      0.9999840259552002,
      0.9715198278427124,
      0.9274086356163025,
      0.8694161176681519,
      0.8133825063705444,
      0.7983826398849487,
      0.7842674851417542,
      0.7742642760276794,
      0.7649921178817749,
      0.759335458278656,
      0.747428834438324,
      0.7383847236633301,
      0.732798159122467,
      0.7267081141471863,
      0.7222107648849487,
      0.7239850759506226,
      0.7099201083183289,
      0.6980498433113098,
      0.6809031963348389
    ],
    [
      0.4154331684112549,
      0.48954063653945923,
      0.5322420001029968,
      0.6440554261207581,
      0.7565785050392151,
      0.8036441206932068,
      0.83852618932724,
      0.8768985867500305,
      0.8970597982406616,
      0.9715198278427124,
      0.9999840259552002,
      0.9575014710426331,
      0.901136040687561,
      0.8369688987731934,
      0.8206416964530945,
      0.8107486367225647,
      0.8017213344573975,
      0.7936758399009705,
      0.7877873778343201,
      0.7762523889541626,
      0.7666762471199036,
      0.7603803277015686,
      0.754579484462738,
      0.7509150505065918,
      0.7533494830131531,
      0.7362898588180542,
      0.7239267230033875,
      0.70707106590271
    ],
    [
      0.4725988209247589,
      0.5457260012626648,
      0.5856198072433472,
      0.6856968402862549,
      0.7676472663879395,
      0.8094991445541382,
      0.8423728942871094,
      0.8676013946533203,
      0.8890595436096191,
      0.9274086356163025,
      0.9575014710426331,
      0.9999838471412659,
      0.9551904201507568,
      0.8575207591056824,
      0.8527341485023499,
      0.8412528038024902,
      0.830865740776062,
      0.8232703804969788,
      0.8158853054046631,
      0.8041542768478394,
      0.7945832014083862,
      0.7881917357444763,
      0.7872219681739807,
      0.7830231785774231,
      0.7850074768066406,
      0.7705163359642029,
      0.7624229192733765,
      0.7440317869186401
    ],
    [
      0.5048254132270813,
      0.5706014633178711,
      0.6033404469490051,
      0.6947861313819885,
      0.7527955770492554,
      0.7897751927375793,
      0.8185379505157471,
      0.8306980133056641,
      0.8491466641426086,
      0.8694161176681519,
      0.901136040687561,
      0.9551904201507568,
      0.9999842047691345,
      0.8797508478164673,
      0.8850757479667664,
      0.8764209151268005,
      0.8665957450866699,
      0.8618878126144409,
      0.8532805442810059,
      0.8398210406303406,
      0.8291264176368713,
      0.8240343928337097,
      0.8268208503723145,
      0.822146475315094,
      0.8225641250610352,
      0.8110457062721252,
      0.8052875995635986,
      0.78440922498703
    ],
    [
      0.4254602789878845,
      0.48467814922332764,
      0.5137118697166443,
      0.6046074628829956,
      0.7018464803695679,
      0.7379621863365173,
      0.7597256302833557,
      0.799691915512085,
      0.7895473837852478,
      0.8133825063705444,
      0.8369688987731934,
      0.8575207591056824,
      0.8797508478164673,
      0.9999840259552002,
      0.9687919020652771,
      0.9452522993087769,
      0.9266464710235596,
      0.9106565117835999,
      0.8956618905067444,
      0.8772434592247009,
      0.8633777499198914,
      0.8553654551506042,
      0.8497867584228516,
      0.8421921133995056,
      0.8412139415740967,
      0.8179419040679932,
      0.799177348613739,
      0.7613368630409241
    ],
    [
      0.5013386607170105,
      0.5533862113952637,
      0.5775556564331055,
      0.6485986709594727,
      0.711645781993866,
      0.7463628053665161,
      0.7627813816070557,
      0.7869109511375427,
      0.7822360396385193,
      0.7983826398849487,
      0.8206416964530945,
      0.8527341485023499,
      0.8850757479667664,
      0.9687919020652771,
      0.9999837279319763,
      0.9774423241615295,
      0.9624695181846619,
      0.9469476342201233,
      0.9298964142799377,
      0.9077712893486023,
      0.8917522430419922,
      0.8832818269729614,
      0.8863794207572937,
      0.8748052716255188,
      0.8713998794555664,
      0.853867769241333,
      0.8433673977851868,
      0.8039031624794006
    ],
    [
      0.4635924696922302,
      0.5171284675598145,
      0.5451220273971558,
      0.6315322518348694,
      0.7142763733863831,
      0.7450364828109741,
      0.7574902772903442,
      0.7821150422096252,
      0.7757030129432678,
      0.7842674851417542,
      0.8107486367225647,
      0.8412528038024902,
      0.8764209151268005,
      0.9452522993087769,
      0.9774423241615295,
      0.9999841451644897,
      0.9884974956512451,
      0.9787647724151611,
      0.9656193256378174,
      0.9489230513572693,
      0.9338761568069458,
      0.9272162914276123,
      0.9269396066665649,
      0.9175194501876831,
      0.9143661856651306,
      0.8959200382232666,
      0.8807263374328613,
      0.8337430357933044
    ],
    [
      0.4600875675678253,
      0.5123704075813293,
      0.540428876876831,
      0.6291981935501099,
      0.7179218530654907,
      0.7444347739219666,
      0.754951000213623,
      0.7721619009971619,
      0.7665423154830933,
      0.7742642760276794,
      0.8017213344573975,
      0.830865740776062,
      0.8665957450866699,
      0.9266464710235596,
      0.9624695181846619,
      0.9884974956512451,
      0.9999838471412659,
      0.9920188784599304,
      0.9815450310707092,
      0.9660276770591736,
      0.9521315693855286,
      0.9449000358581543,
      0.9429205656051636,
      0.9339311718940735,
      0.9306942224502563,
      0.9119169116020203,
      0.8936313390731812,
      0.8463597297668457
    ],
    [
      0.4420279562473297,
      0.4955763816833496,
      0.5251523852348328,
      0.6183515787124634,
      0.7132924199104309,
      0.7381325960159302,
      0.7484862208366394,
      0.7631957530975342,
      0.757766842842102,
      0.7649921178817749,
      0.7936758399009705,
      0.8232703804969788,
      0.8618878126144409,
      0.9106565117835999,
      0.9469476342201233,
      0.9787647724151611,
      0.9920188784599304,
      0.9999842047691345,
      0.9917382001876831,
      0.9799156785011292,
      0.9663122296333313,
      0.959531843662262,
      0.9565436840057373,
      0.9482463002204895,
      0.9449244141578674,
      0.9254224300384521,
      0.9055184721946716,
      0.855109453201294
    ],
    [
      0.4228529632091522,
      0.4778130352497101,
      0.5090257525444031,
      0.6084805727005005,
      0.7071943283081055,
      0.7319011092185974,
      0.7429784536361694,
      0.7561776638031006,
      0.7504960298538208,
      0.759335458278656,
      0.7877873778343201,
      0.8158853054046631,
      0.8532805442810059,
      0.8956618905067444,
      0.9298964142799377,
      0.9656193256378174,
      0.9815450310707092,
      0.9917382001876831,
      0.9999838471412659,
      0.9893779158592224,
      0.9771736860275269,
      0.971136212348938,
      0.9657236933708191,
      0.9585321545600891,
      0.9553906321525574,
      0.9350952506065369,
      0.9126465320587158,
      0.8595264554023743
    ],
    [
      0.40033742785453796,
      0.4574621915817261,
      0.49144086241722107,
      0.5965842604637146,
      0.6994858384132385,
      0.7234495878219604,
      0.7361591458320618,
      0.7518291473388672,
      0.7460151314735413,
      0.747428834438324,
      0.7762523889541626,
      0.8041542768478394,
      0.8398210406303406,
      0.8772434592247009,
      0.9077712893486023,
      0.9489230513572693,
      0.9660276770591736,
      0.9799156785011292,
      0.9893779158592224,
      0.9999842047691345,
      0.9913126230239868,
      0.9856653213500977,
      0.9780013561248779,
      0.9722828269004822,
      0.9686750173568726,
      0.9495460987091064,
      0.924869179725647,
      0.8735048174858093
    ],
    [
      0.39718177914619446,
      0.45559191703796387,
      0.49031880497932434,
      0.5963476300239563,
      0.6920623779296875,
      0.7159436345100403,
      0.73027503490448,
      0.7439953684806824,
      0.7401907444000244,
      0.7383847236633301,
      0.7666762471199036,
      0.7945832014083862,
      0.8291264176368713,
      0.8633777499198914,
      0.8917522430419922,
      0.9338761568069458,
      0.9521315693855286,
      0.9663122296333313,
      0.9771736860275269,
      0.9913126230239868,
      0.9999840259552002,
      0.9942226409912109,
      0.9849504232406616,
      0.9794544577598572,
      0.9759106636047363,
      0.9599997997283936,
      0.9353576302528381,
      0.8879746198654175
    ],
    [
      0.3896116018295288,
      0.4482998549938202,
      0.48397916555404663,
      0.5892504453659058,
      0.6866931915283203,
      0.7108926773071289,
      0.7258405089378357,
      0.7397961616516113,
      0.7356627583503723,
      0.732798159122467,
      0.7603803277015686,
      0.7881917357444763,
      0.8240343928337097,
      0.8553654551506042,
      0.8832818269729614,
      0.9272162914276123,
      0.9449000358581543,
      0.959531843662262,
      0.971136212348938,
      0.9856653213500977,
      0.9942226409912109,
      0.9999840259552002,
      0.9912548065185547,
      0.986121416091919,
      0.9824885129928589,
      0.9677451252937317,
      0.9439420700073242,
      0.8947153687477112
    ],
    [
      0.42515864968299866,
      0.4796859622001648,
      0.51340651512146,
      0.6061025261878967,
      0.6871024966239929,
      0.7127578854560852,
      0.7274226546287537,
      0.7361472845077515,
      0.7336604595184326,
      0.7267081141471863,
      0.754579484462738,
      0.7872219681739807,
      0.8268208503723145,
      0.8497867584228516,
      0.8863794207572937,
      0.9269396066665649,
      0.9429205656051636,
      0.9565436840057373,
      0.9657236933708191,
      0.9780013561248779,
      0.9849504232406616,
      0.9912548065185547,
      0.9999840259552002,
      0.9926396608352661,
      0.9884341359138489,
      0.9764170050621033,
      0.9596958160400391,
      0.9098344445228577
    ],
    [
      0.41269898414611816,
      0.46928417682647705,
      0.5049746632575989,
      0.6052737236022949,
      0.689991295337677,
      0.7152751684188843,
      0.7279592156410217,
      0.7361660599708557,
      0.7320467829704285,
      0.7222107648849487,
      0.7509150505065918,
      0.7830231785774231,
      0.822146475315094,
      0.8421921133995056,
      0.8748052716255188,
      0.9175194501876831,
      0.9339311718940735,
      0.9482463002204895,
      0.9585321545600891,
      0.9722828269004822,
      0.9794544577598572,
      0.986121416091919,
      0.9926396608352661,
      0.9999840259552002,
      0.9957314729690552,
      0.9838392734527588,
      0.9653005599975586,
      0.9155862927436829
    ],
    [
      0.414103627204895,
      0.47108811140060425,
      0.5071504712104797,
      0.6089609265327454,
      0.6940386295318604,
      0.7184258103370667,
      0.7314687967300415,
      0.7381356358528137,
      0.7340746521949768,
      0.7239850759506226,
      0.7533494830131531,
      0.7850074768066406,
      0.8225641250610352,
      0.8412139415740967,
      0.8713998794555664,
      0.9143661856651306,
      0.9306942224502563,
      0.9449244141578674,
      0.9553906321525574,
      0.9686750173568726,
      0.9759106636047363,
      0.9824885129928589,
      0.9884341359138489,
      0.9957314729690552,
      0.9999837279319763,
      0.9875472784042358,
      0.9693256616592407,
      0.9192495942115784
    ],
    [
      0.41845446825027466,
      0.47399652004241943,
      0.5095012784004211,
      0.6064035296440125,
      0.6798579692840576,
      0.7037420868873596,
      0.7188674807548523,
      0.7230287194252014,
      0.7236112356185913,
      0.7099201083183289,
      0.7362898588180542,
      0.7705163359642029,
      0.8110457062721252,
      0.8179419040679932,
      0.853867769241333,
      0.8959200382232666,
      0.9119169116020203,
      0.9254224300384521,
      0.9350952506065369,
      0.9495460987091064,
      0.9599997997283936,
      0.9677451252937317,
      0.9764170050621033,
      0.9838392734527588,
      0.9875472784042358,
      0.9999839067459106,
      0.9869071841239929,
      0.9425233006477356
    ],
    [
      0.45668789744377136,
      0.508581280708313,
      0.5423785448074341,
      0.6254115700721741,
      0.6760494112968445,
      0.7003260850906372,
      0.714871883392334,
      0.7126321792602539,
      0.7183336615562439,
      0.6980498433113098,
      0.7239267230033875,
      0.7624229192733765,
      0.8052875995635986,
      0.799177348613739,
      0.8433673977851868,
      0.8807263374328613,
      0.8936313390731812,
      0.9055184721946716,
      0.9126465320587158,
      0.924869179725647,
      0.9353576302528381,
      0.9439420700073242,
      0.9596958160400391,
      0.9653005599975586,
      0.9693256616592407,
      0.9869071841239929,
      0.9999837279319763,
      0.9610396027565002
    ],
    [
      0.47279247641563416,
      0.5259439945220947,
      0.5590162873268127,
      0.6442492008209229,
      0.6772385835647583,
      0.696887195110321,
      0.709412157535553,
      0.7007302045822144,
      0.7119622230529785,
      0.6809031963348389,
      0.70707106590271,
      0.7440317869186401,
      0.78440922498703,
      0.7613368630409241,
      0.8039031624794006,
      0.8337430357933044,
      0.8463597297668457,
      0.855109453201294,
      0.8595264554023743,
      0.8735048174858093,
      0.8879746198654175,
      0.8947153687477112,
      0.9098344445228577,
      0.9155862927436829,
      0.9192495942115784,
      0.9425233006477356,
      0.9610396027565002,
      0.9999837279319763
    ]
  ],
  "x_labels": [
    "L1",
    "L2",
    "L3",
    "L4",
    "L5",
    "L6",
    "L7",
    "L8",
    "L9",
    "L10",
    "L11",
    "L12",
    "L13",
    "L14",
    "L15",
    "L16",
    "L17",
    "L18",
    "L19",
    "L20",
    "L21",
    "L22",
    "L23",
    "L24",
    "L25",
    "L26",
    "L27",
    "L28"
  ],
  "y_labels": [
    "L1",
    "L2",
    "L3",
    "L4",
    "L5",
    "L6",
    "L7",
    "L8",
    "L9",
    "L10",
    "L11",
    "L12",
    "L13",
    "L14",
    "L15",
    "L16",
    "L17",
    "L18",
    "L19",
    "L20",
    "L21",
    "L22",
    "L23",
    "L24",
    "L25",
    "L26",
    "L27",
    "L28"
  ],
  "metric": "rsa_cos",
  "title": "RSA(1\u2212cos) within: meta-llama/Llama-3.2-3B [en]",
  "model_a": "meta-llama/Llama-3.2-3B",
  "model_b": null,
  "info": {}
}