<html>
<head><meta charset="utf-8" /></head>
<body>
    <div>                        <script type="text/javascript">window.PlotlyConfig = {MathJaxConfig: 'local'};</script>
        <script charset="utf-8" src="https://cdn.plot.ly/plotly-2.32.0.min.js"></script>                <div id="c52df806-8c4c-4209-ab67-c07c7a15349c" class="plotly-graph-div" style="height:100%; width:100%;"></div>            <script type="text/javascript">                                    window.PLOTLYENV=window.PLOTLYENV || {};                                    if (document.getElementById("c52df806-8c4c-4209-ab67-c07c7a15349c")) {                    Plotly.newPlot(                        "c52df806-8c4c-4209-ab67-c07c7a15349c",                        [{"colorscale":[[0.0,"#440154"],[0.1111111111111111,"#482878"],[0.2222222222222222,"#3e4989"],[0.3333333333333333,"#31688e"],[0.4444444444444444,"#26828e"],[0.5555555555555556,"#1f9e89"],[0.6666666666666666,"#35b779"],[0.7777777777777778,"#6ece58"],[0.8888888888888888,"#b5de2b"],[1.0,"#fde725"]],"x":["L1","L2","L3","L4","L5","L6","L7","L8","L9","L10","L11","L12","L13","L14","L15","L16","L17","L18","L19","L20","L21","L22","L23","L24","L25","L26","L27","L28"],"y":["L1","L2","L3","L4","L5","L6","L7","L8","L9","L10","L11","L12","L13","L14","L15","L16","L17","L18","L19","L20","L21","L22","L23","L24","L25","L26","L27","L28"],"z":[[0.9999836087226868,0.9525282979011536,0.8983353972434998,0.7470378279685974,0.5077698826789856,0.5062329769134521,0.5096791386604309,0.42145878076553345,0.4357794225215912,0.39206257462501526,0.41539448499679565,0.4726685881614685,0.5048971176147461,0.42549723386764526,0.5014223456382751,0.4636378586292267,0.4601593613624573,0.44209444522857666,0.42293208837509155,0.4003719687461853,0.3971368372440338,0.38959574699401855,0.42518121004104614,0.4126335680484772,0.41405829787254333,0.41834375262260437,0.4567088484764099,0.4728327691555023],[0.9525282979011536,0.9999841451644897,0.9570266604423523,0.8306959867477417,0.5949057936668396,0.5946699976921082,0.5943597555160522,0.5038518309593201,0.5162715911865234,0.46483463048934937,0.48957329988479614,0.5458722114562988,0.5707675814628601,0.48481422662734985,0.5535746812820435,0.517301619052887,0.5125662088394165,0.495771199464798,0.47802117466926575,0.45764797925949097,0.45569151639938354,0.44842344522476196,0.47984927892684937,0.46939438581466675,0.47121360898017883,0.47406402230262756,0.5087180137634277,0.5260997414588928],[0.8983353972434998,0.9570266604423523,0.9999839067459106,0.8980807065963745,0.6550859212875366,0.656024158000946,0.6548697352409363,0.5577704310417175,0.5677450299263,0.5068453550338745,0.5323203802108765,0.5857943892478943,0.6035443544387817,0.5138504505157471,0.5777688026428223,0.5453152060508728,0.5406395196914673,0.52535080909729,0.5092371702194214,0.49162396788597107,0.49041661620140076,0.4841028153896332,0.513576865196228,0.5051036477088928,0.5072854161262512,0.5095831751823425,0.5425353050231934,0.5591854453086853],[0.7470378279685974,0.8306959867477417,0.8980807065963745,0.9999842047691345,0.8259692788124084,0.8107471466064453,0.7920809388160706,0.6912242770195007,0.6867401599884033,0.6179198622703552,0.6441850066184998,0.6858500242233276,0.6949761509895325,0.6046926975250244,0.6487066745758057,0.6316336989402771,0.6293159127235413,0.6184538006782532,0.6086116433143616,0.5967041254043579,0.5963829159736633,0.5893271565437317,0.6062169075012207,0.6053990125656128,0.609072744846344,0.6064736843109131,0.6254642009735107,0.6443134546279907],[0.5077698826789856,0.5949057936668396,0.6550859212875366,0.8259692788124084,0.9999836087226868,0.955889105796814,0.902797520160675,0.827652096748352,0.800853967666626,0.7403196692466736,0.7566368579864502,0.7677461504936218,0.7529522180557251,0.7019075751304626,0.7116848826408386,0.7143088579177856,0.717978298664093,0.7133049368858337,0.7072268724441528,0.6995202302932739,0.6920601725578308,0.6867240071296692,0.6871712803840637,0.6900922060012817,0.6941261291503906,0.6799303293228149,0.6760335564613342,0.6772569417953491],[0.5062329769134521,0.5946699976921082,0.656024158000946,0.8107471466064453,0.955889105796814,0.9999839067459106,0.9520123600959778,0.8820828199386597,0.8550170063972473,0.789861261844635,0.8035814762115479,0.8095122575759888,0.7898049354553223,0.7379361987113953,0.7463169693946838,0.7449731826782227,0.7443594932556152,0.7380132079124451,0.7318079471588135,0.7233887910842896,0.7158489227294922,0.7108323574066162,0.7127480506896973,0.7152832746505737,0.7184315919876099,0.7037659287452698,0.7002956867218018,0.696829080581665],[0.5096791386604309,0.5943597555160522,0.6548697352409363,0.7920809388160706,0.902797520160675,0.9520123600959778,0.9999839067459106,0.9266437292098999,0.8966879844665527,0.8292567133903503,0.8386494517326355,0.8424410223960876,0.8186388611793518,0.7598201036453247,0.7628127932548523,0.7575681209564209,0.7550469636917114,0.7485501170158386,0.7430828809738159,0.7363025546073914,0.7303810715675354,0.725967288017273,0.7275383472442627,0.7281169891357422,0.7316319942474365,0.7190191149711609,0.7149028182029724,0.7094475626945496],[0.42145878076553345,0.5038518309593201,0.5577704310417175,0.6912242770195007,0.827652096748352,0.8820828199386597,0.9266437292098999,0.9999841451644897,0.9590081572532654,0.8771682977676392,0.876971423625946,0.8676440119743347,0.8307701945304871,0.799720287322998,0.7868748903274536,0.7820768356323242,0.7721307277679443,0.7631141543388367,0.7561227679252625,0.751818060874939,0.7439755797386169,0.739772617816925,0.7361387014389038,0.7362028956413269,0.7381742596626282,0.7230705618858337,0.7125409245491028,0.7007144093513489],[0.4357794225215912,0.5162715911865234,0.5677450299263,0.6867401599884033,0.800853967666626,0.8550170063972473,0.8966879844665527,0.9590081572532654,0.9999840259552002,0.9017122983932495,0.8971271514892578,0.8890905976295471,0.8491740822792053,0.7895647883415222,0.7822073101997375,0.7756801843643188,0.7665188312530518,0.7577024698257446,0.7504637241363525,0.7460512518882751,0.740207314491272,0.7356703877449036,0.733680784702301,0.7321003079414368,0.7341242432594299,0.7236440181732178,0.7182273268699646,0.7119306325912476],[0.39206257462501526,0.46483463048934937,0.5068453550338745,0.6179198622703552,0.7403196692466736,0.789861261844635,0.8292567133903503,0.8771682977676392,0.9017122983932495,0.9999842047691345,0.9715055227279663,0.9274483919143677,0.869458019733429,0.8133870959281921,0.7983502149581909,0.7842192053794861,0.7742418050765991,0.7649330496788025,0.7593129277229309,0.7474801540374756,0.7384545803070068,0.7328414916992188,0.7267835736274719,0.7223159670829773,0.724088191986084,0.7100321054458618,0.6980801224708557,0.6809574365615845],[0.41539448499679565,0.48957329988479614,0.5323203802108765,0.6441850066184998,0.7566368579864502,0.8035814762115479,0.8386494517326355,0.876971423625946,0.8971271514892578,0.9715055227279663,0.9999839067459106,0.9575321674346924,0.901163637638092,0.8369264602661133,0.8205536007881165,0.8106642961502075,0.8016640543937683,0.793589174747467,0.7877222299575806,0.7762560248374939,0.7666826248168945,0.7603731155395508,0.7545996904373169,0.7509762048721313,0.7534040808677673,0.7363513708114624,0.7238982319831848,0.7070924043655396],[0.4726685881614685,0.5458722114562988,0.5857943892478943,0.6858500242233276,0.7677461504936218,0.8095122575759888,0.8424410223960876,0.8676440119743347,0.8890905976295471,0.9274483919143677,0.9575321674346924,0.9999836087226868,0.9551790356636047,0.8575387597084045,0.8527670502662659,0.841253399848938,0.8308709263801575,0.8232694864273071,0.8158962726593018,0.8042054772377014,0.7945990562438965,0.788207471370697,0.7872839570045471,0.7831097841262817,0.7850785255432129,0.770583987236023,0.7624228596687317,0.7440842986106873],[0.5048971176147461,0.5707675814628601,0.6035443544387817,0.6949761509895325,0.7529522180557251,0.7898049354553223,0.8186388611793518,0.8307701945304871,0.8491740822792053,0.869458019733429,0.901163637638092,0.9551790356636047,0.9999840259552002,0.879724383354187,0.8850206732749939,0.8763689398765564,0.8665579557418823,0.8618965148925781,0.85332852602005,0.8399232625961304,0.8291648030281067,0.8240828514099121,0.8269001245498657,0.8222269415855408,0.8226267695426941,0.8111034035682678,0.8052939772605896,0.7844955921173096],[0.42549723386764526,0.48481422662734985,0.5138504505157471,0.6046926975250244,0.7019075751304626,0.7379361987113953,0.7598201036453247,0.799720287322998,0.7895647883415222,0.8133870959281921,0.8369264602661133,0.8575387597084045,0.879724383354187,0.9999841451644897,0.9687851071357727,0.945241391658783,0.9266562461853027,0.9106720685958862,0.8956791162490845,0.8773084878921509,0.863463819026947,0.8554320335388184,0.8499149084091187,0.8423410058021545,0.8413499593734741,0.8180645108222961,0.7992240786552429,0.7614191770553589],[0.5014223456382751,0.5535746812820435,0.5777688026428223,0.6487066745758057,0.7116848826408386,0.7463169693946838,0.7628127932548523,0.7868748903274536,0.7822073101997375,0.7983502149581909,0.8205536007881165,0.8527670502662659,0.8850206732749939,0.9687851071357727,0.9999839067459106,0.9774355888366699,0.9624702334403992,0.9469558596611023,0.9299013018608093,0.9078183770179749,0.8918449282646179,0.8833386898040771,0.8864930868148804,0.8749216794967651,0.8715001344680786,0.853951096534729,0.8434315919876099,0.8039984703063965],[0.4636378586292267,0.517301619052887,0.5453152060508728,0.6316336989402771,0.7143088579177856,0.7449731826782227,0.7575681209564209,0.7820768356323242,0.7756801843643188,0.7842192053794861,0.8106642961502075,0.841253399848938,0.8763689398765564,0.945241391658783,0.9774355888366699,0.9999839067459106,0.9885075688362122,0.978788435459137,0.9656256437301636,0.9489603638648987,0.9339378476142883,0.9272501468658447,0.9270158410072327,0.9176005125045776,0.9144190549850464,0.8959680199623108,0.8807559013366699,0.8338150978088379],[0.4601593613624573,0.5125662088394165,0.5406395196914673,0.6293159127235413,0.717978298664093,0.7443594932556152,0.7550469636917114,0.7721307277679443,0.7665188312530518,0.7742418050765991,0.8016640543937683,0.8308709263801575,0.8665579557418823,0.9266562461853027,0.9624702334403992,0.9885075688362122,0.9999837279319763,0.9920270442962646,0.9815425276756287,0.9660536646842957,0.9521746635437012,0.9449165463447571,0.9429700970649719,0.9339814186096191,0.9307246208190918,0.9119422435760498,0.8936360478401184,0.8464154601097107],[0.44209444522857666,0.495771199464798,0.52535080909729,0.6184538006782532,0.7133049368858337,0.7380132079124451,0.7485501170158386,0.7631141543388367,0.7577024698257446,0.7649330496788025,0.793589174747467,0.8232694864273071,0.8618965148925781,0.9106720685958862,0.9469558596611023,0.978788435459137,0.9920270442962646,0.9999839067459106,0.9917250871658325,0.9799118041992188,0.9663217663764954,0.9595217108726501,0.9565497636795044,0.9482421875,0.944909930229187,0.9254149198532104,0.9055076837539673,0.8551463484764099],[0.42293208837509155,0.47802117466926575,0.5092371702194214,0.6086116433143616,0.7072268724441528,0.7318079471588135,0.7430828809738159,0.7561227679252625,0.7504637241363525,0.7593129277229309,0.7877222299575806,0.8158962726593018,0.85332852602005,0.8956791162490845,0.9299013018608093,0.9656256437301636,0.9815425276756287,0.9917250871658325,0.9999839067459106,0.9893842935562134,0.9771904945373535,0.9711360335350037,0.9657416939735413,0.9585467576980591,0.9553981423377991,0.935113251209259,0.9126507639884949,0.859581470489502],[0.4003719687461853,0.45764797925949097,0.49162396788597107,0.5967041254043579,0.6995202302932739,0.7233887910842896,0.7363025546073914,0.751818060874939,0.7460512518882751,0.7474801540374756,0.7762560248374939,0.8042054772377014,0.8399232625961304,0.8773084878921509,0.9078183770179749,0.9489603638648987,0.9660536646842957,0.9799118041992188,0.9893842935562134,0.9999838471412659,0.991319477558136,0.9856605529785156,0.9780064225196838,0.972289502620697,0.9686744213104248,0.9495617747306824,0.9248611927032471,0.8735476136207581],[0.3971368372440338,0.45569151639938354,0.49041661620140076,0.5963829159736633,0.6920601725578308,0.7158489227294922,0.7303810715675354,0.7439755797386169,0.740207314491272,0.7384545803070068,0.7666826248168945,0.7945990562438965,0.8291648030281067,0.863463819026947,0.8918449282646179,0.9339378476142883,0.9521746635437012,0.9663217663764954,0.9771904945373535,0.991319477558136,0.9999838471412659,0.9942273497581482,0.9849777817726135,0.9794824719429016,0.9759312272071838,0.9600459933280945,0.9353621006011963,0.8879819512367249],[0.38959574699401855,0.44842344522476196,0.4841028153896332,0.5893271565437317,0.6867240071296692,0.7108323574066162,0.725967288017273,0.739772617816925,0.7356703877449036,0.7328414916992188,0.7603731155395508,0.788207471370697,0.8240828514099121,0.8554320335388184,0.8833386898040771,0.9272501468658447,0.9449165463447571,0.9595217108726501,0.9711360335350037,0.9856605529785156,0.9942273497581482,0.9999838471412659,0.9912616610527039,0.9861358404159546,0.9824973344802856,0.9677731394767761,0.9439274072647095,0.8947095274925232],[0.42518121004104614,0.47984927892684937,0.513576865196228,0.6062169075012207,0.6871712803840637,0.7127480506896973,0.7275383472442627,0.7361387014389038,0.733680784702301,0.7267835736274719,0.7545996904373169,0.7872839570045471,0.8269001245498657,0.8499149084091187,0.8864930868148804,0.9270158410072327,0.9429700970649719,0.9565497636795044,0.9657416939735413,0.9780064225196838,0.9849777817726135,0.9912616610527039,0.9999836087226868,0.9926364421844482,0.9884259104728699,0.9764139652252197,0.9596781730651855,0.9098536968231201],[0.4126335680484772,0.46939438581466675,0.5051036477088928,0.6053990125656128,0.6900922060012817,0.7152832746505737,0.7281169891357422,0.7362028956413269,0.7321003079414368,0.7223159670829773,0.7509762048721313,0.7831097841262817,0.8222269415855408,0.8423410058021545,0.8749216794967651,0.9176005125045776,0.9339814186096191,0.9482421875,0.9585467576980591,0.972289502620697,0.9794824719429016,0.9861358404159546,0.9926364421844482,0.9999840259552002,0.9957330822944641,0.9838394522666931,0.9652680158615112,0.9155783653259277],[0.41405829787254333,0.47121360898017883,0.5072854161262512,0.609072744846344,0.6941261291503906,0.7184315919876099,0.7316319942474365,0.7381742596626282,0.7341242432594299,0.724088191986084,0.7534040808677673,0.7850785255432129,0.8226267695426941,0.8413499593734741,0.8715001344680786,0.9144190549850464,0.9307246208190918,0.944909930229187,0.9553981423377991,0.9686744213104248,0.9759312272071838,0.9824973344802856,0.9884259104728699,0.9957330822944641,0.9999840259552002,0.9875421524047852,0.9692772626876831,0.919255256652832],[0.41834375262260437,0.47406402230262756,0.5095831751823425,0.6064736843109131,0.6799303293228149,0.7037659287452698,0.7190191149711609,0.7230705618858337,0.7236440181732178,0.7100321054458618,0.7363513708114624,0.770583987236023,0.8111034035682678,0.8180645108222961,0.853951096534729,0.8959680199623108,0.9119422435760498,0.9254149198532104,0.935113251209259,0.9495617747306824,0.9600459933280945,0.9677731394767761,0.9764139652252197,0.9838394522666931,0.9875421524047852,0.9999837279319763,0.9868717789649963,0.9425129294395447],[0.4567088484764099,0.5087180137634277,0.5425353050231934,0.6254642009735107,0.6760335564613342,0.7002956867218018,0.7149028182029724,0.7125409245491028,0.7182273268699646,0.6980801224708557,0.7238982319831848,0.7624228596687317,0.8052939772605896,0.7992240786552429,0.8434315919876099,0.8807559013366699,0.8936360478401184,0.9055076837539673,0.9126507639884949,0.9248611927032471,0.9353621006011963,0.9439274072647095,0.9596781730651855,0.9652680158615112,0.9692772626876831,0.9868717789649963,0.9999839067459106,0.9610385298728943],[0.4728327691555023,0.5260997414588928,0.5591854453086853,0.6443134546279907,0.6772569417953491,0.696829080581665,0.7094475626945496,0.7007144093513489,0.7119306325912476,0.6809574365615845,0.7070924043655396,0.7440842986106873,0.7844955921173096,0.7614191770553589,0.8039984703063965,0.8338150978088379,0.8464154601097107,0.8551463484764099,0.859581470489502,0.8735476136207581,0.8879819512367249,0.8947095274925232,0.9098536968231201,0.9155783653259277,0.919255256652832,0.9425129294395447,0.9610385298728943,0.9999843239784241]],"type":"heatmap"}],                        {"template":{"data":{"histogram2dcontour":[{"type":"histogram2dcontour","colorbar":{"outlinewidth":0,"ticks":""},"colorscale":[[0.0,"#0d0887"],[0.1111111111111111,"#46039f"],[0.2222222222222222,"#7201a8"],[0.3333333333333333,"#9c179e"],[0.4444444444444444,"#bd3786"],[0.5555555555555556,"#d8576b"],[0.6666666666666666,"#ed7953"],[0.7777777777777778,"#fb9f3a"],[0.8888888888888888,"#fdca26"],[1.0,"#f0f921"]]}],"choropleth":[{"type":"choropleth","colorbar":{"outlinewidth":0,"ticks":""}}],"histogram2d":[{"type":"histogram2d","colorbar":{"outlinewidth":0,"ticks":""},"colorscale":[[0.0,"#0d0887"],[0.1111111111111111,"#46039f"],[0.2222222222222222,"#7201a8"],[0.3333333333333333,"#9c179e"],[0.4444444444444444,"#bd3786"],[0.5555555555555556,"#d8576b"],[0.6666666666666666,"#ed7953"],[0.7777777777777778,"#fb9f3a"],[0.8888888888888888,"#fdca26"],[1.0,"#f0f921"]]}],"heatmap":[{"type":"heatmap","colorbar":{"outlinewidth":0,"ticks":""},"colorscale":[[0.0,"#0d0887"],[0.1111111111111111,"#46039f"],[0.2222222222222222,"#7201a8"],[0.3333333333333333,"#9c179e"],[0.4444444444444444,"#bd3786"],[0.5555555555555556,"#d8576b"],[0.6666666666666666,"#ed7953"],[0.7777777777777778,"#fb9f3a"],[0.8888888888888888,"#fdca26"],[1.0,"#f0f921"]]}],"heatmapgl":[{"type":"heatmapgl","colorbar":{"outlinewidth":0,"ticks":""},"colorscale":[[0.0,"#0d0887"],[0.1111111111111111,"#46039f"],[0.2222222222222222,"#7201a8"],[0.3333333333333333,"#9c179e"],[0.4444444444444444,"#bd3786"],[0.5555555555555556,"#d8576b"],[0.6666666666666666,"#ed7953"],[0.7777777777777778,"#fb9f3a"],[0.8888888888888888,"#fdca26"],[1.0,"#f0f921"]]}],"contourcarpet":[{"type":"contourcarpet","colorbar":{"outlinewidth":0,"ticks":""}}],"contour":[{"type":"contour","colorbar":{"outlinewidth":0,"ticks":""},"colorscale":[[0.0,"#0d0887"],[0.1111111111111111,"#46039f"],[0.2222222222222222,"#7201a8"],[0.3333333333333333,"#9c179e"],[0.4444444444444444,"#bd3786"],[0.5555555555555556,"#d8576b"],[0.6666666666666666,"#ed7953"],[0.7777777777777778,"#fb9f3a"],[0.8888888888888888,"#fdca26"],[1.0,"#f0f921"]]}],"surface":[{"type":"surface","colorbar":{"outlinewidth":0,"ticks":""},"colorscale":[[0.0,"#0d0887"],[0.1111111111111111,"#46039f"],[0.2222222222222222,"#7201a8"],[0.3333333333333333,"#9c179e"],[0.4444444444444444,"#bd3786"],[0.5555555555555556,"#d8576b"],[0.6666666666666666,"#ed7953"],[0.7777777777777778,"#fb9f3a"],[0.8888888888888888,"#fdca26"],[1.0,"#f0f921"]]}],"mesh3d":[{"type":"mesh3d","colorbar":{"outlinewidth":0,"ticks":""}}],"scatter":[{"fillpattern":{"fillmode":"overlay","size":10,"solidity":0.2},"type":"scatter"}],"parcoords":[{"type":"parcoords","line":{"colorbar":{"outlinewidth":0,"ticks":""}}}],"scatterpolargl":[{"type":"scatterpolargl","marker":{"colorbar":{"outlinewidth":0,"ticks":""}}}],"bar":[{"error_x":{"color":"#2a3f5f"},"error_y":{"color":"#2a3f5f"},"marker":{"line":{"color":"#E5ECF6","width":0.5},"pattern":{"fillmode":"overlay","size":10,"solidity":0.2}},"type":"bar"}],"scattergeo":[{"type":"scattergeo","marker":{"colorbar":{"outlinewidth":0,"ticks":""}}}],"scatterpolar":[{"type":"scatterpolar","marker":{"colorbar":{"outlinewidth":0,"ticks":""}}}],"histogram":[{"marker":{"pattern":{"fillmode":"overlay","size":10,"solidity":0.2}},"type":"histogram"}],"scattergl":[{"type":"scattergl","marker":{"colorbar":{"outlinewidth":0,"ticks":""}}}],"scatter3d":[{"type":"scatter3d","line":{"colorbar":{"outlinewidth":0,"ticks":""}},"marker":{"colorbar":{"outlinewidth":0,"ticks":""}}}],"scattermapbox":[{"type":"scattermapbox","marker":{"colorbar":{"outlinewidth":0,"ticks":""}}}],"scatterternary":[{"type":"scatterternary","marker":{"colorbar":{"outlinewidth":0,"ticks":""}}}],"scattercarpet":[{"type":"scattercarpet","marker":{"colorbar":{"outlinewidth":0,"ticks":""}}}],"carpet":[{"aaxis":{"endlinecolor":"#2a3f5f","gridcolor":"white","linecolor":"white","minorgridcolor":"white","startlinecolor":"#2a3f5f"},"baxis":{"endlinecolor":"#2a3f5f","gridcolor":"white","linecolor":"white","minorgridcolor":"white","startlinecolor":"#2a3f5f"},"type":"carpet"}],"table":[{"cells":{"fill":{"color":"#EBF0F8"},"line":{"color":"white"}},"header":{"fill":{"color":"#C8D4E3"},"line":{"color":"white"}},"type":"table"}],"barpolar":[{"marker":{"line":{"color":"#E5ECF6","width":0.5},"pattern":{"fillmode":"overlay","size":10,"solidity":0.2}},"type":"barpolar"}],"pie":[{"automargin":true,"type":"pie"}]},"layout":{"autotypenumbers":"strict","colorway":["#636efa","#EF553B","#00cc96","#ab63fa","#FFA15A","#19d3f3","#FF6692","#B6E880","#FF97FF","#FECB52"],"font":{"color":"#2a3f5f"},"hovermode":"closest","hoverlabel":{"align":"left"},"paper_bgcolor":"white","plot_bgcolor":"#E5ECF6","polar":{"bgcolor":"#E5ECF6","angularaxis":{"gridcolor":"white","linecolor":"white","ticks":""},"radialaxis":{"gridcolor":"white","linecolor":"white","ticks":""}},"ternary":{"bgcolor":"#E5ECF6","aaxis":{"gridcolor":"white","linecolor":"white","ticks":""},"baxis":{"gridcolor":"white","linecolor":"white","ticks":""},"caxis":{"gridcolor":"white","linecolor":"white","ticks":""}},"coloraxis":{"colorbar":{"outlinewidth":0,"ticks":""}},"colorscale":{"sequential":[[0.0,"#0d0887"],[0.1111111111111111,"#46039f"],[0.2222222222222222,"#7201a8"],[0.3333333333333333,"#9c179e"],[0.4444444444444444,"#bd3786"],[0.5555555555555556,"#d8576b"],[0.6666666666666666,"#ed7953"],[0.7777777777777778,"#fb9f3a"],[0.8888888888888888,"#fdca26"],[1.0,"#f0f921"]],"sequentialminus":[[0.0,"#0d0887"],[0.1111111111111111,"#46039f"],[0.2222222222222222,"#7201a8"],[0.3333333333333333,"#9c179e"],[0.4444444444444444,"#bd3786"],[0.5555555555555556,"#d8576b"],[0.6666666666666666,"#ed7953"],[0.7777777777777778,"#fb9f3a"],[0.8888888888888888,"#fdca26"],[1.0,"#f0f921"]],"diverging":[[0,"#8e0152"],[0.1,"#c51b7d"],[0.2,"#de77ae"],[0.3,"#f1b6da"],[0.4,"#fde0ef"],[0.5,"#f7f7f7"],[0.6,"#e6f5d0"],[0.7,"#b8e186"],[0.8,"#7fbc41"],[0.9,"#4d9221"],[1,"#276419"]]},"xaxis":{"gridcolor":"white","linecolor":"white","ticks":"","title":{"standoff":15},"zerolinecolor":"white","automargin":true,"zerolinewidth":2},"yaxis":{"gridcolor":"white","linecolor":"white","ticks":"","title":{"standoff":15},"zerolinecolor":"white","automargin":true,"zerolinewidth":2},"scene":{"xaxis":{"backgroundcolor":"#E5ECF6","gridcolor":"white","linecolor":"white","showbackground":true,"ticks":"","zerolinecolor":"white","gridwidth":2},"yaxis":{"backgroundcolor":"#E5ECF6","gridcolor":"white","linecolor":"white","showbackground":true,"ticks":"","zerolinecolor":"white","gridwidth":2},"zaxis":{"backgroundcolor":"#E5ECF6","gridcolor":"white","linecolor":"white","showbackground":true,"ticks":"","zerolinecolor":"white","gridwidth":2}},"shapedefaults":{"line":{"color":"#2a3f5f"}},"annotationdefaults":{"arrowcolor":"#2a3f5f","arrowhead":0,"arrowwidth":1},"geo":{"bgcolor":"white","landcolor":"#E5ECF6","subunitcolor":"white","showland":true,"showlakes":true,"lakecolor":"white"},"title":{"x":0.05},"mapbox":{"style":"light"}}},"margin":{"l":60,"r":40,"t":60,"b":60},"title":{"text":"RSA (Spearman, 1\u2212corr) within: meta-llama\u002fLlama-3.2-3B [en]"},"xaxis":{"title":{"text":"Layer (X)"}},"yaxis":{"title":{"text":"Layer (Y)"}}},                        {"responsive": true}                    )                };                            </script>        </div>
</body>
</html>