{
  "matrix": [
    [
      0.9999840259552002,
      0.9590739607810974,
      0.8571416735649109,
      0.6989756226539612,
      0.5095281004905701,
      0.4017643332481384,
      0.3420628309249878,
      0.2845878601074219,
      0.2705276608467102,
      0.23700271546840668,
      0.23018576204776764,
      0.2356744110584259,
      0.2484980970621109,
      0.24970707297325134,
      0.21748308837413788,
      0.20694854855537415,
      0.20218898355960846,
      0.20298795402050018,
      0.1859951764345169,
      0.18161152303218842,
      0.18182796239852905,
      0.181952565908432,
      0.1784561425447464,
      0.17691759765148163,
      0.1724289357662201,
      0.18075498938560486,
      0.1728547066450119,
      0.16898846626281738,
      0.17052970826625824,
      0.16673989593982697,
      0.17177771031856537,
      0.1859811246395111
    ],
    [
      0.9590739607810974,
      0.9999841451644897,
      0.9459894895553589,
      0.8139160871505737,
      0.6241085529327393,
      0.5169068574905396,
      0.45539119839668274,
      0.38687214255332947,
      0.3721095025539398,
      0.33290448784828186,
      0.32757532596588135,
      0.33720332384109497,
      0.35322797298431396,
      0.35531821846961975,
      0.30936017632484436,
      0.30128300189971924,
      0.3001881539821625,
      0.3023352026939392,
      0.2799784243106842,
      0.27267950773239136,
      0.2723093330860138,
      0.27060359716415405,
      0.26595786213874817,
      0.26451677083969116,
      0.25747379660606384,
      0.26898711919784546,
      0.2585495412349701,
      0.25446322560310364,
      0.25696468353271484,
      0.2504824697971344,
      0.25539761781692505,
      0.2691958248615265
    ],
    [
      0.8571416735649109,
      0.9459894895553589,
      0.9999839067459106,
      0.9256541728973389,
      0.7476406693458557,
      0.646563708782196,
      0.58437180519104,
      0.5015468001365662,
      0.4855527877807617,
      0.44090935587882996,
      0.4368041157722473,
      0.452510803937912,
      0.47200807929039,
      0.47564196586608887,
      0.4158248007297516,
      0.420462965965271,
      0.4246223270893097,
      0.43066465854644775,
      0.4015488028526306,
      0.390835165977478,
      0.38995078206062317,
      0.3877331018447876,
      0.3817005455493927,
      0.381384938955307,
      0.3707177937030792,
      0.38703009486198425,
      0.37293750047683716,
      0.3691328763961792,
      0.37268754839897156,
      0.3634863495826721,
      0.3684490919113159,
      0.3789178133010864
    ],
    [
      0.6989756226539612,
      0.8139160871505737,
      0.9256541728973389,
      0.9999839067459106,
      0.8661181330680847,
      0.7742136716842651,
      0.7163471579551697,
      0.6200350522994995,
      0.5989940762519836,
      0.5497618913650513,
      0.5443106889724731,
      0.5641015768051147,
      0.5838248133659363,
      0.588212251663208,
      0.5178036093711853,
      0.5354364514350891,
      0.5447680950164795,
      0.554560661315918,
      0.5194911360740662,
      0.5066182613372803,
      0.5052624940872192,
      0.5031452178955078,
      0.4962015748023987,
      0.49761056900024414,
      0.4850277006626129,
      0.5046966671943665,
      0.4879017174243927,
      0.4846358597278595,
      0.48908403515815735,
      0.4791099727153778,
      0.48416730761528015,
      0.4900202453136444
    ],
    [
      0.5095281004905701,
      0.6241085529327393,
      0.7476406693458557,
      0.8661181330680847,
      0.9999837279319763,
      0.952969491481781,
      0.9025310277938843,
      0.8304042220115662,
      0.8019906878471375,
      0.7388846278190613,
      0.7265949845314026,
      0.7347308397293091,
      0.7397155165672302,
      0.7308121919631958,
      0.6599845886230469,
      0.6644332408905029,
      0.6749669313430786,
      0.6787115931510925,
      0.6486853361129761,
      0.6397882699966431,
      0.6381367444992065,
      0.6350688338279724,
      0.6268250346183777,
      0.6257278323173523,
      0.6154142618179321,
      0.6273547410964966,
      0.6164281964302063,
      0.6144256591796875,
      0.6163666248321533,
      0.6076771020889282,
      0.6066049337387085,
      0.601312518119812
    ],
    [
      0.4017643332481384,
      0.5169068574905396,
      0.646563708782196,
      0.7742136716842651,
      0.952969491481781,
      0.999983549118042,
      0.9599426984786987,
      0.8973907232284546,
      0.8686815500259399,
      0.8002841472625732,
      0.7849240899085999,
      0.7883549928665161,
      0.7884948253631592,
      0.7736258506774902,
      0.6935778856277466,
      0.6897830963134766,
      0.7010111808776855,
      0.7030426263809204,
      0.6715670228004456,
      0.6630229353904724,
      0.661349892616272,
      0.657829761505127,
      0.6504387259483337,
      0.6492437124252319,
      0.6406133770942688,
      0.6505877375602722,
      0.6412625312805176,
      0.640853226184845,
      0.6423174738883972,
      0.632587194442749,
      0.6288003325462341,
      0.6171693801879883
    ],
    [
      0.3420628309249878,
      0.45539119839668274,
      0.58437180519104,
      0.7163471579551697,
      0.9025310277938843,
      0.9599426984786987,
      0.9999836087226868,
      0.9383020997047424,
      0.9046134948730469,
      0.8365347981452942,
      0.8190181255340576,
      0.8191494941711426,
      0.813381016254425,
      0.7948113083839417,
      0.7094836831092834,
      0.7011171579360962,
      0.7135429382324219,
      0.7146251201629639,
      0.6832537651062012,
      0.6749197840690613,
      0.6735396385192871,
      0.6698734164237976,
      0.6633598804473877,
      0.6626946926116943,
      0.656315267086029,
      0.6654695868492126,
      0.6571054458618164,
      0.6571890711784363,
      0.6582381725311279,
      0.6484287977218628,
      0.6442117094993591,
      0.6257273554801941
    ],
    [
      0.2845878601074219,
      0.38687214255332947,
      0.5015468001365662,
      0.6200350522994995,
      0.8304042220115662,
      0.8973907232284546,
      0.9383020997047424,
      0.9999837279319763,
      0.9714802503585815,
      0.8981571197509766,
      0.8739413619041443,
      0.8645534515380859,
      0.849505603313446,
      0.8208131194114685,
      0.7524675130844116,
      0.732281506061554,
      0.736251950263977,
      0.729737401008606,
      0.7043960690498352,
      0.6962385773658752,
      0.6932471990585327,
      0.6875419020652771,
      0.6791673302650452,
      0.6757454872131348,
      0.669723391532898,
      0.6732500791549683,
      0.6695911884307861,
      0.6704882979393005,
      0.6701488494873047,
      0.6613562107086182,
      0.6556755900382996,
      0.630849301815033
    ],
    [
      0.2705276608467102,
      0.3721095025539398,
      0.4855527877807617,
      0.5989940762519836,
      0.8019906878471375,
      0.8686815500259399,
      0.9046134948730469,
      0.9714802503585815,
      0.9999836087226868,
      0.9284549951553345,
      0.902752161026001,
      0.8923643827438354,
      0.8711150884628296,
      0.8397706747055054,
      0.7594496607780457,
      0.7402148246765137,
      0.7484350204467773,
      0.7411043643951416,
      0.7159585356712341,
      0.708977222442627,
      0.7069226503372192,
      0.7016919851303101,
      0.6942945718765259,
      0.6904782652854919,
      0.6844915747642517,
      0.6864143013954163,
      0.6812724471092224,
      0.6815920472145081,
      0.6804095506668091,
      0.6722058653831482,
      0.6656966209411621,
      0.6435573101043701
    ],
    [
      0.23700271546840668,
      0.33290448784828186,
      0.44090935587882996,
      0.5497618913650513,
      0.7388846278190613,
      0.8002841472625732,
      0.8365347981452942,
      0.8981571197509766,
      0.9284549951553345,
      0.999983549118042,
      0.9723197221755981,
      0.9518492221832275,
      0.9165894985198975,
      0.8776126503944397,
      0.8123297691345215,
      0.7874882221221924,
      0.7969013452529907,
      0.7842264175415039,
      0.7708800435066223,
      0.7652164101600647,
      0.7611467242240906,
      0.755580723285675,
      0.74703049659729,
      0.7414470911026001,
      0.736648678779602,
      0.7353978157043457,
      0.730904757976532,
      0.7299909591674805,
      0.7274149656295776,
      0.7178996801376343,
      0.7104606032371521,
      0.6776090264320374
    ],
    [
      0.23018576204776764,
      0.32757532596588135,
      0.4368041157722473,
      0.5443106889724731,
      0.7265949845314026,
      0.7849240899085999,
      0.8190181255340576,
      0.8739413619041443,
      0.902752161026001,
      0.9723197221755981,
      0.9999839067459106,
      0.9822759628295898,
      0.9460152983665466,
      0.9076864123344421,
      0.837562620639801,
      0.8105139136314392,
      0.8194594979286194,
      0.8072345852851868,
      0.7931972742080688,
      0.7880536913871765,
      0.784870445728302,
      0.7796095013618469,
      0.771266758441925,
      0.7656686902046204,
      0.7620252966880798,
      0.7605842351913452,
      0.7587143778800964,
      0.7587000131607056,
      0.7553966641426086,
      0.7441604137420654,
      0.7349539995193481,
      0.6984514594078064
    ],
    [
      0.2356744110584259,
      0.33720332384109497,
      0.452510803937912,
      0.5641015768051147,
      0.7347308397293091,
      0.7883549928665161,
      0.8191494941711426,
      0.8645534515380859,
      0.8923643827438354,
      0.9518492221832275,
      0.9822759628295898,
      0.9999837279319763,
      0.9667580723762512,
      0.9309296607971191,
      0.8534736037254333,
      0.8262311816215515,
      0.8354383111000061,
      0.8245000839233398,
      0.8076010346412659,
      0.8021203279495239,
      0.7990533113479614,
      0.7933058142662048,
      0.7854466438293457,
      0.7794097065925598,
      0.7749112248420715,
      0.7750100493431091,
      0.7719835638999939,
      0.771657407283783,
      0.7691452503204346,
      0.7567411065101624,
      0.7482737302780151,
      0.7099865078926086
    ],
    [
      0.2484980970621109,
      0.35322797298431396,
      0.47200807929039,
      0.5838248133659363,
      0.7397155165672302,
      0.7884948253631592,
      0.813381016254425,
      0.849505603313446,
      0.8711150884628296,
      0.9165894985198975,
      0.9460152983665466,
      0.9667580723762512,
      0.9999839067459106,
      0.9711467027664185,
      0.8854621648788452,
      0.8554693460464478,
      0.8661250472068787,
      0.8544737696647644,
      0.8304182291030884,
      0.8209423422813416,
      0.8178240656852722,
      0.8101745247840881,
      0.8023490905761719,
      0.7955882549285889,
      0.7908276915550232,
      0.7911534309387207,
      0.7866488099098206,
      0.7863588929176331,
      0.7840098142623901,
      0.7715608477592468,
      0.7647008895874023,
      0.725231945514679
    ],
    [
      0.24970707297325134,
      0.35531821846961975,
      0.47564196586608887,
      0.588212251663208,
      0.7308121919631958,
      0.7736258506774902,
      0.7948113083839417,
      0.8208131194114685,
      0.8397706747055054,
      0.8776126503944397,
      0.9076864123344421,
      0.9309296607971191,
      0.9711467027664185,
      0.9999836087226868,
      0.9084346294403076,
      0.8795796036720276,
      0.8917984366416931,
      0.8818657994270325,
      0.8533254861831665,
      0.8442791700363159,
      0.8408164978027344,
      0.8324960470199585,
      0.824369490146637,
      0.8174865245819092,
      0.8106478452682495,
      0.8126775026321411,
      0.8046744465827942,
      0.8033216595649719,
      0.8015267252922058,
      0.7897757887840271,
      0.7853716015815735,
      0.7545598745346069
    ],
    [
      0.21748308837413788,
      0.30936017632484436,
      0.4158248007297516,
      0.5178036093711853,
      0.6599845886230469,
      0.6935778856277466,
      0.7094836831092834,
      0.7524675130844116,
      0.7594496607780457,
      0.8123297691345215,
      0.837562620639801,
      0.8534736037254333,
      0.8854621648788452,
      0.9084346294403076,
      0.9999840259552002,
      0.9692357778549194,
      0.9527550935745239,
      0.929539144039154,
      0.9181029796600342,
      0.9059364795684814,
      0.8952475786209106,
      0.8817023038864136,
      0.8682958483695984,
      0.8586397767066956,
      0.8461604118347168,
      0.8427326083183289,
      0.839015007019043,
      0.8369221687316895,
      0.8356094360351562,
      0.824141800403595,
      0.8194476962089539,
      0.7714372277259827
    ],
    [
      0.20694854855537415,
      0.30128300189971924,
      0.420462965965271,
      0.5354364514350891,
      0.6644332408905029,
      0.6897830963134766,
      0.7011171579360962,
      0.732281506061554,
      0.7402148246765137,
      0.7874882221221924,
      0.8105139136314392,
      0.8262311816215515,
      0.8554693460464478,
      0.8795796036720276,
      0.9692357778549194,
      0.9999838471412659,
      0.98038649559021,
      0.9603509902954102,
      0.9470670819282532,
      0.9326336979866028,
      0.9241266250610352,
      0.9121302366256714,
      0.8970169425010681,
      0.8892358541488647,
      0.8730661273002625,
      0.8722984194755554,
      0.864973247051239,
      0.8609921336174011,
      0.8604596257209778,
      0.8499269485473633,
      0.8450412154197693,
      0.8030099868774414
    ],
    [
      0.20218898355960846,
      0.3001881539821625,
      0.4246223270893097,
      0.5447680950164795,
      0.6749669313430786,
      0.7010111808776855,
      0.7135429382324219,
      0.736251950263977,
      0.7484350204467773,
      0.7969013452529907,
      0.8194594979286194,
      0.8354383111000061,
      0.8661250472068787,
      0.8917984366416931,
      0.9527550935745239,
      0.98038649559021,
      0.9999839067459106,
      0.9877274036407471,
      0.9747700095176697,
      0.965040922164917,
      0.9590447545051575,
      0.9489921927452087,
      0.937372624874115,
      0.9291129112243652,
      0.9130622148513794,
      0.9120461344718933,
      0.8991870880126953,
      0.8942959904670715,
      0.8934394717216492,
      0.8820416927337646,
      0.8773727416992188,
      0.8311396241188049
    ],
    [
      0.20298795402050018,
      0.3023352026939392,
      0.43066465854644775,
      0.554560661315918,
      0.6787115931510925,
      0.7030426263809204,
      0.7146251201629639,
      0.729737401008606,
      0.7411043643951416,
      0.7842264175415039,
      0.8072345852851868,
      0.8245000839233398,
      0.8544737696647644,
      0.8818657994270325,
      0.929539144039154,
      0.9603509902954102,
      0.9877274036407471,
      0.9999839067459106,
      0.9830847382545471,
      0.976624071598053,
      0.9722088575363159,
      0.9647148251533508,
      0.9557207226753235,
      0.9487337470054626,
      0.9327212572097778,
      0.9338487982749939,
      0.9187576174736023,
      0.9132254123687744,
      0.9132829904556274,
      0.9014773368835449,
      0.8971202373504639,
      0.8494907021522522
    ],
    [
      0.1859951764345169,
      0.2799784243106842,
      0.4015488028526306,
      0.5194911360740662,
      0.6486853361129761,
      0.6715670228004456,
      0.6832537651062012,
      0.7043960690498352,
      0.7159585356712341,
      0.7708800435066223,
      0.7931972742080688,
      0.8076010346412659,
      0.8304182291030884,
      0.8533254861831665,
      0.9181029796600342,
      0.9470670819282532,
      0.9747700095176697,
      0.9830847382545471,
      0.9999842047691345,
      0.9944734573364258,
      0.98869389295578,
      0.9806933403015137,
      0.9703797698020935,
      0.9620199799537659,
      0.9452784061431885,
      0.9432867169380188,
      0.9296520352363586,
      0.9243345260620117,
      0.9244021773338318,
      0.9127247929573059,
      0.9044232368469238,
      0.8573086857795715
    ],
    [
      0.18161152303218842,
      0.27267950773239136,
      0.390835165977478,
      0.5066182613372803,
      0.6397882699966431,
      0.6630229353904724,
      0.6749197840690613,
      0.6962385773658752,
      0.708977222442627,
      0.7652164101600647,
      0.7880536913871765,
      0.8021203279495239,
      0.8209423422813416,
      0.8442791700363159,
      0.9059364795684814,
      0.9326336979866028,
      0.965040922164917,
      0.976624071598053,
      0.9944734573364258,
      0.9999840259552002,
      0.9955458641052246,
      0.9898420572280884,
      0.9815225601196289,
      0.9737207293510437,
      0.9573537111282349,
      0.9551554322242737,
      0.9407764673233032,
      0.9347420930862427,
      0.9343504905700684,
      0.9223126769065857,
      0.9141601920127869,
      0.8654228448867798
    ],
    [
      0.18182796239852905,
      0.2723093330860138,
      0.38995078206062317,
      0.5052624940872192,
      0.6381367444992065,
      0.661349892616272,
      0.6735396385192871,
      0.6932471990585327,
      0.7069226503372192,
      0.7611467242240906,
      0.784870445728302,
      0.7990533113479614,
      0.8178240656852722,
      0.8408164978027344,
      0.8952475786209106,
      0.9241266250610352,
      0.9590447545051575,
      0.9722088575363159,
      0.98869389295578,
      0.9955458641052246,
      0.9999836087226868,
      0.9956988096237183,
      0.9892448782920837,
      0.9818996787071228,
      0.9677170515060425,
      0.9650914072990417,
      0.9521065354347229,
      0.9460879564285278,
      0.9456649422645569,
      0.9337400197982788,
      0.925280749797821,
      0.8723399043083191
    ],
    [
      0.181952565908432,
      0.27060359716415405,
      0.3877331018447876,
      0.5031452178955078,
      0.6350688338279724,
      0.657829761505127,
      0.6698734164237976,
      0.6875419020652771,
      0.7016919851303101,
      0.755580723285675,
      0.7796095013618469,
      0.7933058142662048,
      0.8101745247840881,
      0.8324960470199585,
      0.8817023038864136,
      0.9121302366256714,
      0.9489921927452087,
      0.9647148251533508,
      0.9806933403015137,
      0.9898420572280884,
      0.9956988096237183,
      0.9999838471412659,
      0.9958962798118591,
      0.9908726811408997,
      0.9790998697280884,
      0.9767002463340759,
      0.9636736512184143,
      0.9577785134315491,
      0.9566488265991211,
      0.9460067749023438,
      0.9367181658744812,
      0.8844335079193115
    ],
    [
      0.1784561425447464,
      0.26595786213874817,
      0.3817005455493927,
      0.4962015748023987,
      0.6268250346183777,
      0.6504387259483337,
      0.6633598804473877,
      0.6791673302650452,
      0.6942945718765259,
      0.74703049659729,
      0.771266758441925,
      0.7854466438293457,
      0.8023490905761719,
      0.824369490146637,
      0.8682958483695984,
      0.8970169425010681,
      0.937372624874115,
      0.9557207226753235,
      0.9703797698020935,
      0.9815225601196289,
      0.9892448782920837,
      0.9958962798118591,
      0.9999839067459106,
      0.9964662194252014,
      0.9875842928886414,
      0.9846234321594238,
      0.9720365405082703,
      0.9664121270179749,
      0.9654337167739868,
      0.9552000164985657,
      0.9458115696907043,
      0.8896539211273193
    ],
    [
      0.17691759765148163,
      0.26451677083969116,
      0.381384938955307,
      0.49761056900024414,
      0.6257278323173523,
      0.6492437124252319,
      0.6626946926116943,
      0.6757454872131348,
      0.6904782652854919,
      0.7414470911026001,
      0.7656686902046204,
      0.7794097065925598,
      0.7955882549285889,
      0.8174865245819092,
      0.8586397767066956,
      0.8892358541488647,
      0.9291129112243652,
      0.9487337470054626,
      0.9620199799537659,
      0.9737207293510437,
      0.9818996787071228,
      0.9908726811408997,
      0.9964662194252014,
      0.9999840259552002,
      0.9933111071586609,
      0.9909771084785461,
      0.9788619875907898,
      0.9734434485435486,
      0.9726868867874146,
      0.9635295271873474,
      0.9539538025856018,
      0.8985103964805603
    ],
    [
      0.1724289357662201,
      0.25747379660606384,
      0.3707177937030792,
      0.4850277006626129,
      0.6154142618179321,
      0.6406133770942688,
      0.656315267086029,
      0.669723391532898,
      0.6844915747642517,
      0.736648678779602,
      0.7620252966880798,
      0.7749112248420715,
      0.7908276915550232,
      0.8106478452682495,
      0.8461604118347168,
      0.8730661273002625,
      0.9130622148513794,
      0.9327212572097778,
      0.9452784061431885,
      0.9573537111282349,
      0.9677170515060425,
      0.9790998697280884,
      0.9875842928886414,
      0.9933111071586609,
      0.9999838471412659,
      0.9959840178489685,
      0.9892393946647644,
      0.9850021600723267,
      0.9829468131065369,
      0.9742450714111328,
      0.9613713026046753,
      0.8974591493606567
    ],
    [
      0.18075498938560486,
      0.26898711919784546,
      0.38703009486198425,
      0.5046966671943665,
      0.6273547410964966,
      0.6505877375602722,
      0.6654695868492126,
      0.6732500791549683,
      0.6864143013954163,
      0.7353978157043457,
      0.7605842351913452,
      0.7750100493431091,
      0.7911534309387207,
      0.8126775026321411,
      0.8427326083183289,
      0.8722984194755554,
      0.9120461344718933,
      0.9338487982749939,
      0.9432867169380188,
      0.9551554322242737,
      0.9650914072990417,
      0.9767002463340759,
      0.9846234321594238,
      0.9909771084785461,
      0.9959840178489685,
      0.9999838471412659,
      0.9912438988685608,
      0.986607015132904,
      0.9852842688560486,
      0.9764477610588074,
      0.9648594856262207,
      0.903861403465271
    ],
    [
      0.1728547066450119,
      0.2585495412349701,
      0.37293750047683716,
      0.4879017174243927,
      0.6164281964302063,
      0.6412625312805176,
      0.6571054458618164,
      0.6695911884307861,
      0.6812724471092224,
      0.730904757976532,
      0.7587143778800964,
      0.7719835638999939,
      0.7866488099098206,
      0.8046744465827942,
      0.839015007019043,
      0.864973247051239,
      0.8991870880126953,
      0.9187576174736023,
      0.9296520352363586,
      0.9407764673233032,
      0.9521065354347229,
      0.9636736512184143,
      0.9720365405082703,
      0.9788619875907898,
      0.9892393946647644,
      0.9912438988685608,
      0.9999837279319763,
      0.9974247813224792,
      0.9950056672096252,
      0.9867392182350159,
      0.9716557860374451,
      0.8979676365852356
    ],
    [
      0.16898846626281738,
      0.25446322560310364,
      0.3691328763961792,
      0.4846358597278595,
      0.6144256591796875,
      0.640853226184845,
      0.6571890711784363,
      0.6704882979393005,
      0.6815920472145081,
      0.7299909591674805,
      0.7587000131607056,
      0.771657407283783,
      0.7863588929176331,
      0.8033216595649719,
      0.8369221687316895,
      0.8609921336174011,
      0.8942959904670715,
      0.9132254123687744,
      0.9243345260620117,
      0.9347420930862427,
      0.9460879564285278,
      0.9577785134315491,
      0.9664121270179749,
      0.9734434485435486,
      0.9850021600723267,
      0.986607015132904,
      0.9974247813224792,
      0.9999841451644897,
      0.9973037838935852,
      0.9885686039924622,
      0.9726190567016602,
      0.8964636921882629
    ],
    [
      0.17052970826625824,
      0.25696468353271484,
      0.37268754839897156,
      0.48908403515815735,
      0.6163666248321533,
      0.6423174738883972,
      0.6582381725311279,
      0.6701488494873047,
      0.6804095506668091,
      0.7274149656295776,
      0.7553966641426086,
      0.7691452503204346,
      0.7840098142623901,
      0.8015267252922058,
      0.8356094360351562,
      0.8604596257209778,
      0.8934394717216492,
      0.9132829904556274,
      0.9244021773338318,
      0.9343504905700684,
      0.9456649422645569,
      0.9566488265991211,
      0.9654337167739868,
      0.9726868867874146,
      0.9829468131065369,
      0.9852842688560486,
      0.9950056672096252,
      0.9973037838935852,
      0.9999840259552002,
      0.9918442368507385,
      0.978103518486023,
      0.9044658541679382
    ],
    [
      0.16673989593982697,
      0.2504824697971344,
      0.3634863495826721,
      0.4791099727153778,
      0.6076771020889282,
      0.632587194442749,
      0.6484287977218628,
      0.6613562107086182,
      0.6722058653831482,
      0.7178996801376343,
      0.7441604137420654,
      0.7567411065101624,
      0.7715608477592468,
      0.7897757887840271,
      0.824141800403595,
      0.8499269485473633,
      0.8820416927337646,
      0.9014773368835449,
      0.9127247929573059,
      0.9223126769065857,
      0.9337400197982788,
      0.9460067749023438,
      0.9552000164985657,
      0.9635295271873474,
      0.9742450714111328,
      0.9764477610588074,
      0.9867392182350159,
      0.9885686039924622,
      0.9918442368507385,
      0.9999838471412659,
      0.9898304343223572,
      0.9267157912254333
    ],
    [
      0.17177771031856537,
      0.25539761781692505,
      0.3684490919113159,
      0.48416730761528015,
      0.6066049337387085,
      0.6288003325462341,
      0.6442117094993591,
      0.6556755900382996,
      0.6656966209411621,
      0.7104606032371521,
      0.7349539995193481,
      0.7482737302780151,
      0.7647008895874023,
      0.7853716015815735,
      0.8194476962089539,
      0.8450412154197693,
      0.8773727416992188,
      0.8971202373504639,
      0.9044232368469238,
      0.9141601920127869,
      0.925280749797821,
      0.9367181658744812,
      0.9458115696907043,
      0.9539538025856018,
      0.9613713026046753,
      0.9648594856262207,
      0.9716557860374451,
      0.9726190567016602,
      0.978103518486023,
      0.9898304343223572,
      0.9999836087226868,
      0.946836531162262
    ],
    [
      0.1859811246395111,
      0.2691958248615265,
      0.3789178133010864,
      0.4900202453136444,
      0.601312518119812,
      0.6171693801879883,
      0.6257273554801941,
      0.630849301815033,
      0.6435573101043701,
      0.6776090264320374,
      0.6984514594078064,
      0.7099865078926086,
      0.725231945514679,
      0.7545598745346069,
      0.7714372277259827,
      0.8030099868774414,
      0.8311396241188049,
      0.8494907021522522,
      0.8573086857795715,
      0.8654228448867798,
      0.8723399043083191,
      0.8844335079193115,
      0.8896539211273193,
      0.8985103964805603,
      0.8974591493606567,
      0.903861403465271,
      0.8979676365852356,
      0.8964636921882629,
      0.9044658541679382,
      0.9267157912254333,
      0.946836531162262,
      0.9999834299087524
    ]
  ],
  "x_labels": [
    "L1",
    "L2",
    "L3",
    "L4",
    "L5",
    "L6",
    "L7",
    "L8",
    "L9",
    "L10",
    "L11",
    "L12",
    "L13",
    "L14",
    "L15",
    "L16",
    "L17",
    "L18",
    "L19",
    "L20",
    "L21",
    "L22",
    "L23",
    "L24",
    "L25",
    "L26",
    "L27",
    "L28",
    "L29",
    "L30",
    "L31",
    "L32"
  ],
  "y_labels": [
    "L1",
    "L2",
    "L3",
    "L4",
    "L5",
    "L6",
    "L7",
    "L8",
    "L9",
    "L10",
    "L11",
    "L12",
    "L13",
    "L14",
    "L15",
    "L16",
    "L17",
    "L18",
    "L19",
    "L20",
    "L21",
    "L22",
    "L23",
    "L24",
    "L25",
    "L26",
    "L27",
    "L28",
    "L29",
    "L30",
    "L31",
    "L32"
  ],
  "metric": "rsa_corr",
  "title": "RSA(1\u2212corr) within: meta-llama/Llama-3.1-8B [hi]",
  "model_a": "meta-llama/Llama-3.1-8B",
  "model_b": null,
  "info": {}
}