{
  "matrix": [
    [
      0.9999839067459106,
      0.9589431285858154,
      0.8571406006813049,
      0.6984981894493103,
      0.5096559524536133,
      0.4018038213253021,
      0.3421064019203186,
      0.2845771014690399,
      0.27052929997444153,
      0.23712097108364105,
      0.23032251000404358,
      0.23575714230537415,
      0.2485891431570053,
      0.24976977705955505,
      0.21756403148174286,
      0.20704321563243866,
      0.2022886872291565,
      0.20308633148670197,
      0.18608978390693665,
      0.18171976506710052,
      0.18193338811397552,
      0.18205015361309052,
      0.17855513095855713,
      0.17701439559459686,
      0.17250242829322815,
      0.18084633350372314,
      0.17290173470973969,
      0.16901135444641113,
      0.17052684724330902,
      0.16673392057418823,
      0.17178276181221008,
      0.18606099486351013
    ],
    [
      0.9589431285858154,
      0.9999841451644897,
      0.9461162686347961,
      0.8137272000312805,
      0.6244255900382996,
      0.517084538936615,
      0.4555419683456421,
      0.3869505524635315,
      0.3721904456615448,
      0.33312171697616577,
      0.3277939260005951,
      0.33737438917160034,
      0.3534490764141083,
      0.3555141091346741,
      0.3095495402812958,
      0.3014993667602539,
      0.3004192113876343,
      0.30257681012153625,
      0.2802022099494934,
      0.2729099988937378,
      0.2725328207015991,
      0.27081215381622314,
      0.2661716043949127,
      0.2647334635257721,
      0.25766459107398987,
      0.2692106068134308,
      0.25871023535728455,
      0.25459954142570496,
      0.257061243057251,
      0.2505643367767334,
      0.25549444556236267,
      0.2693856954574585
    ],
    [
      0.8571406006813049,
      0.9461162686347961,
      0.9999839067459106,
      0.9254947900772095,
      0.7478442788124084,
      0.6465805172920227,
      0.5843202471733093,
      0.5014455914497375,
      0.48543280363082886,
      0.4409404695034027,
      0.4368527829647064,
      0.45248207449913025,
      0.4720490574836731,
      0.4756520092487335,
      0.4158434569835663,
      0.4204816222190857,
      0.424650102853775,
      0.43069612979888916,
      0.40156352519989014,
      0.3908689022064209,
      0.38998493552207947,
      0.38774678111076355,
      0.38172489404678345,
      0.3814123272895813,
      0.3707166612148285,
      0.38705042004585266,
      0.3728761076927185,
      0.36904051899909973,
      0.3725312054157257,
      0.3633131682872772,
      0.368289053440094,
      0.37890908122062683
    ],
    [
      0.6984981894493103,
      0.8137272000312805,
      0.9254947900772095,
      0.9999842047691345,
      0.8663691282272339,
      0.7743895053863525,
      0.7165120840072632,
      0.6201170682907104,
      0.5990549325942993,
      0.5498982667922974,
      0.5445238947868347,
      0.5642552971839905,
      0.5839712023735046,
      0.5883599519729614,
      0.5179634094238281,
      0.53571617603302,
      0.5450253486633301,
      0.5548340082168579,
      0.5197538137435913,
      0.5069011449813843,
      0.505547285079956,
      0.5034130215644836,
      0.49647319316864014,
      0.4978986084461212,
      0.4852728545665741,
      0.5050048232078552,
      0.48812025785446167,
      0.4848342835903168,
      0.48920759558677673,
      0.4791629910469055,
      0.48420268297195435,
      0.49017471075057983
    ],
    [
      0.5096559524536133,
      0.6244255900382996,
      0.7478442788124084,
      0.8663691282272339,
      0.9999838471412659,
      0.9529634714126587,
      0.9025278687477112,
      0.8303629159927368,
      0.8019576072692871,
      0.7389132976531982,
      0.7266812920570374,
      0.73478102684021,
      0.7397583723068237,
      0.7308921217918396,
      0.6599934697151184,
      0.6644737720489502,
      0.6750127077102661,
      0.6787781119346619,
      0.6487406492233276,
      0.6398691534996033,
      0.6382313370704651,
      0.635159969329834,
      0.6269249320030212,
      0.6258239150047302,
      0.6154789328575134,
      0.6274451017379761,
      0.6164834499359131,
      0.6144828200340271,
      0.6163636445999146,
      0.6076416969299316,
      0.6065718531608582,
      0.6013765931129456
    ],
    [
      0.4018038213253021,
      0.517084538936615,
      0.6465805172920227,
      0.7743895053863525,
      0.9529634714126587,
      0.9999836087226868,
      0.9599735736846924,
      0.897406280040741,
      0.8686845898628235,
      0.8003196120262146,
      0.7849931120872498,
      0.7883867621421814,
      0.7885324358940125,
      0.7737085223197937,
      0.6936227083206177,
      0.6898481249809265,
      0.7010900974273682,
      0.7031336426734924,
      0.6716476082801819,
      0.6631165742874146,
      0.6614564061164856,
      0.6579428315162659,
      0.6505569219589233,
      0.6493495106697083,
      0.6406888961791992,
      0.6506727337837219,
      0.6413161754608154,
      0.6409075856208801,
      0.6423224210739136,
      0.632590651512146,
      0.6287994384765625,
      0.6172474026679993
    ],
    [
      0.3421064019203186,
      0.4555419683456421,
      0.5843202471733093,
      0.7165120840072632,
      0.9025278687477112,
      0.9599735736846924,
      0.9999837279319763,
      0.938296914100647,
      0.9046598076820374,
      0.8365960717201233,
      0.8191079497337341,
      0.8192088603973389,
      0.8134111166000366,
      0.7948731780052185,
      0.7095291614532471,
      0.7011854648590088,
      0.7136211395263672,
      0.7147114276885986,
      0.6833326816558838,
      0.6750157475471497,
      0.6736498475074768,
      0.6699877381324768,
      0.6634809374809265,
      0.6628080606460571,
      0.656406819820404,
      0.6655605435371399,
      0.6571502685546875,
      0.6572375893592834,
      0.658250093460083,
      0.6484375596046448,
      0.6442248225212097,
      0.6258202791213989
    ],
    [
      0.2845771014690399,
      0.3869505524635315,
      0.5014455914497375,
      0.6201170682907104,
      0.8303629159927368,
      0.897406280040741,
      0.938296914100647,
      0.9999841451644897,
      0.9715051054954529,
      0.898171603679657,
      0.8739498853683472,
      0.8645642995834351,
      0.8494881391525269,
      0.8208494186401367,
      0.7525118589401245,
      0.7323482632637024,
      0.7363139390945435,
      0.7298135757446289,
      0.7044684886932373,
      0.6963173747062683,
      0.6933404803276062,
      0.6876458525657654,
      0.6792715191841125,
      0.6758333444595337,
      0.6698015332221985,
      0.6733077168464661,
      0.6696664094924927,
      0.670586347579956,
      0.6702081561088562,
      0.66142338514328,
      0.6557640433311462,
      0.630943238735199
    ],
    [
      0.27052929997444153,
      0.3721904456615448,
      0.48543280363082886,
      0.5990549325942993,
      0.8019576072692871,
      0.8686845898628235,
      0.9046598076820374,
      0.9715051054954529,
      0.9999839067459106,
      0.9284817576408386,
      0.9027771353721619,
      0.8923648595809937,
      0.8710874915122986,
      0.8397806882858276,
      0.7594208121299744,
      0.7402021288871765,
      0.7484205365180969,
      0.7410935163497925,
      0.7159398198127747,
      0.7089598178863525,
      0.7069172263145447,
      0.7017050385475159,
      0.6943198442459106,
      0.6904944777488708,
      0.6845168471336365,
      0.6864312291145325,
      0.6813161969184875,
      0.6816538572311401,
      0.6804283857345581,
      0.6722327470779419,
      0.665730893611908,
      0.6435886025428772
    ],
    [
      0.23712097108364105,
      0.33312171697616577,
      0.4409404695034027,
      0.5498982667922974,
      0.7389132976531982,
      0.8003196120262146,
      0.8365960717201233,
      0.898171603679657,
      0.9284817576408386,
      0.9999836087226868,
      0.9723169803619385,
      0.9518406391143799,
      0.9165875315666199,
      0.877644419670105,
      0.8122942447662354,
      0.7874635457992554,
      0.7968956828117371,
      0.7842168807983398,
      0.7708616852760315,
      0.7651803493499756,
      0.761121392250061,
      0.7555749416351318,
      0.747024655342102,
      0.7414332628250122,
      0.736644446849823,
      0.7353752851486206,
      0.7309220433235168,
      0.7300449013710022,
      0.7274385690689087,
      0.7179448008537292,
      0.7105265855789185,
      0.6776037216186523
    ],
    [
      0.23032251000404358,
      0.3277939260005951,
      0.4368527829647064,
      0.5445238947868347,
      0.7266812920570374,
      0.7849931120872498,
      0.8191079497337341,
      0.8739498853683472,
      0.9027771353721619,
      0.9723169803619385,
      0.9999840259552002,
      0.9822661876678467,
      0.946002185344696,
      0.9077414870262146,
      0.8375444412231445,
      0.8105483055114746,
      0.8195064663887024,
      0.8072881102561951,
      0.7932434678077698,
      0.7880757451057434,
      0.7849000096321106,
      0.7796621918678284,
      0.7713214755058289,
      0.7657190561294556,
      0.762076199054718,
      0.7606214880943298,
      0.7588041424751282,
      0.7588261365890503,
      0.7555011510848999,
      0.7442877292633057,
      0.7350965142250061,
      0.6985267996788025
    ],
    [
      0.23575714230537415,
      0.33737438917160034,
      0.45248207449913025,
      0.5642552971839905,
      0.73478102684021,
      0.7883867621421814,
      0.8192088603973389,
      0.8645642995834351,
      0.8923648595809937,
      0.9518406391143799,
      0.9822661876678467,
      0.9999841451644897,
      0.9667584896087646,
      0.9309842586517334,
      0.8534600138664246,
      0.8262251019477844,
      0.8354429602622986,
      0.8245134353637695,
      0.8075914978981018,
      0.8020928502082825,
      0.79903644323349,
      0.7933037281036377,
      0.7854531407356262,
      0.7794035077095032,
      0.7749106287956238,
      0.7749906182289124,
      0.7720080018043518,
      0.7717142701148987,
      0.769180953502655,
      0.7567980289459229,
      0.7483707666397095,
      0.7099968791007996
    ],
    [
      0.2485891431570053,
      0.3534490764141083,
      0.4720490574836731,
      0.5839712023735046,
      0.7397583723068237,
      0.7885324358940125,
      0.8134111166000366,
      0.8494881391525269,
      0.8710874915122986,
      0.9165875315666199,
      0.946002185344696,
      0.9667584896087646,
      0.9999839067459106,
      0.9711737036705017,
      0.8854601979255676,
      0.8554734587669373,
      0.8661441802978516,
      0.8545027375221252,
      0.8304253816604614,
      0.8209391832351685,
      0.8178316950798035,
      0.8101983666419983,
      0.8023772239685059,
      0.7956048846244812,
      0.7908480763435364,
      0.7911578416824341,
      0.7866745591163635,
      0.7864179015159607,
      0.7840446829795837,
      0.771615207195282,
      0.7647990584373474,
      0.7252710461616516
    ],
    [
      0.24976977705955505,
      0.3555141091346741,
      0.4756520092487335,
      0.5883599519729614,
      0.7308921217918396,
      0.7737085223197937,
      0.7948731780052185,
      0.8208494186401367,
      0.8397806882858276,
      0.877644419670105,
      0.9077414870262146,
      0.9309842586517334,
      0.9711737036705017,
      0.999983549118042,
      0.9084733128547668,
      0.8796383142471313,
      0.8918606638908386,
      0.8819260001182556,
      0.8533809781074524,
      0.8443337678909302,
      0.8408731818199158,
      0.8325654864311218,
      0.8244433999061584,
      0.817558228969574,
      0.8107295036315918,
      0.8127438426017761,
      0.8047523498535156,
      0.8034319877624512,
      0.8015992641448975,
      0.7898527383804321,
      0.7854518890380859,
      0.7546180486679077
    ],
    [
      0.21756403148174286,
      0.3095495402812958,
      0.4158434569835663,
      0.5179634094238281,
      0.6599934697151184,
      0.6936227083206177,
      0.7095291614532471,
      0.7525118589401245,
      0.7594208121299744,
      0.8122942447662354,
      0.8375444412231445,
      0.8534600138664246,
      0.8854601979255676,
      0.9084733128547668,
      0.9999836087226868,
      0.9692363739013672,
      0.9527621865272522,
      0.9295441508293152,
      0.9181014895439148,
      0.9059024453163147,
      0.8952186703681946,
      0.8816971182823181,
      0.8682839870452881,
      0.8586184978485107,
      0.846162736415863,
      0.842705488204956,
      0.8390296101570129,
      0.8370105028152466,
      0.835677444934845,
      0.8242414593696594,
      0.8195896148681641,
      0.7714563608169556
    ],
    [
      0.20704321563243866,
      0.3014993667602539,
      0.4204816222190857,
      0.53571617603302,
      0.6644737720489502,
      0.6898481249809265,
      0.7011854648590088,
      0.7323482632637024,
      0.7402021288871765,
      0.7874635457992554,
      0.8105483055114746,
      0.8262251019477844,
      0.8554734587669373,
      0.8796383142471313,
      0.9692363739013672,
      0.9999839067459106,
      0.9803882837295532,
      0.9603525400161743,
      0.9470652341842651,
      0.9326004385948181,
      0.9241106510162354,
      0.9121316075325012,
      0.8970105051994324,
      0.8892248868942261,
      0.8730720281600952,
      0.8722812533378601,
      0.864984393119812,
      0.8610776662826538,
      0.8605139851570129,
      0.8500127196311951,
      0.8451695442199707,
      0.8030335903167725
    ],
    [
      0.2022886872291565,
      0.3004192113876343,
      0.424650102853775,
      0.5450253486633301,
      0.6750127077102661,
      0.7010900974273682,
      0.7136211395263672,
      0.7363139390945435,
      0.7484205365180969,
      0.7968956828117371,
      0.8195064663887024,
      0.8354429602622986,
      0.8661441802978516,
      0.8918606638908386,
      0.9527621865272522,
      0.9803882837295532,
      0.9999838471412659,
      0.987723171710968,
      0.9747617840766907,
      0.9650086164474487,
      0.9590200781822205,
      0.9489797353744507,
      0.9373549818992615,
      0.9290879368782043,
      0.9130472540855408,
      0.9120181202888489,
      0.8991591334342957,
      0.8943257331848145,
      0.8934303522109985,
      0.8820427656173706,
      0.8774165511131287,
      0.831152081489563
    ],
    [
      0.20308633148670197,
      0.30257681012153625,
      0.43069612979888916,
      0.5548340082168579,
      0.6787781119346619,
      0.7031336426734924,
      0.7147114276885986,
      0.7298135757446289,
      0.7410935163497925,
      0.7842168807983398,
      0.8072881102561951,
      0.8245134353637695,
      0.8545027375221252,
      0.8819260001182556,
      0.9295441508293152,
      0.9603525400161743,
      0.987723171710968,
      0.9999842047691345,
      0.9830819368362427,
      0.9766103625297546,
      0.9722005128860474,
      0.9647078514099121,
      0.95570969581604,
      0.9487155079841614,
      0.9327054619789124,
      0.9338276982307434,
      0.9187155365943909,
      0.9132221937179565,
      0.9132425785064697,
      0.9014406204223633,
      0.897118091583252,
      0.8495244979858398
    ],
    [
      0.18608978390693665,
      0.2802022099494934,
      0.40156352519989014,
      0.5197538137435913,
      0.6487406492233276,
      0.6716476082801819,
      0.6833326816558838,
      0.7044684886932373,
      0.7159398198127747,
      0.7708616852760315,
      0.7932434678077698,
      0.8075914978981018,
      0.8304253816604614,
      0.8533809781074524,
      0.9181014895439148,
      0.9470652341842651,
      0.9747617840766907,
      0.9830819368362427,
      0.9999840259552002,
      0.9944653511047363,
      0.9886890053749084,
      0.9806897044181824,
      0.9703736901283264,
      0.9620067477226257,
      0.9452736973762512,
      0.9432736039161682,
      0.9296413064002991,
      0.9243640303611755,
      0.9243819117546082,
      0.9127026200294495,
      0.9044305086135864,
      0.8573176860809326
    ],
    [
      0.18171976506710052,
      0.2729099988937378,
      0.3908689022064209,
      0.5069011449813843,
      0.6398691534996033,
      0.6631165742874146,
      0.6750157475471497,
      0.6963173747062683,
      0.7089598178863525,
      0.7651803493499756,
      0.7880757451057434,
      0.8020928502082825,
      0.8209391832351685,
      0.8443337678909302,
      0.9059024453163147,
      0.9326004385948181,
      0.9650086164474487,
      0.9766103625297546,
      0.9944653511047363,
      0.9999837279319763,
      0.9955468773841858,
      0.9898426532745361,
      0.9815236330032349,
      0.9737223982810974,
      0.9573560953140259,
      0.9551546573638916,
      0.9407606720924377,
      0.9347578883171082,
      0.9343243837356567,
      0.9222821593284607,
      0.9141614437103271,
      0.8654482960700989
    ],
    [
      0.18193338811397552,
      0.2725328207015991,
      0.38998493552207947,
      0.505547285079956,
      0.6382313370704651,
      0.6614564061164856,
      0.6736498475074768,
      0.6933404803276062,
      0.7069172263145447,
      0.761121392250061,
      0.7849000096321106,
      0.79903644323349,
      0.8178316950798035,
      0.8408731818199158,
      0.8952186703681946,
      0.9241106510162354,
      0.9590200781822205,
      0.9722005128860474,
      0.9886890053749084,
      0.9955468773841858,
      0.9999842047691345,
      0.9956991672515869,
      0.98924720287323,
      0.9819056987762451,
      0.9677218198776245,
      0.9650958180427551,
      0.9521001577377319,
      0.9461158514022827,
      0.9456483125686646,
      0.9337194561958313,
      0.9252909421920776,
      0.8723700642585754
    ],
    [
      0.18205015361309052,
      0.27081215381622314,
      0.38774678111076355,
      0.5034130215644836,
      0.635159969329834,
      0.6579428315162659,
      0.6699877381324768,
      0.6876458525657654,
      0.7017050385475159,
      0.7555749416351318,
      0.7796621918678284,
      0.7933037281036377,
      0.8101983666419983,
      0.8325654864311218,
      0.8816971182823181,
      0.9121316075325012,
      0.9489797353744507,
      0.9647078514099121,
      0.9806897044181824,
      0.9898426532745361,
      0.9956991672515869,
      0.9999839067459106,
      0.995895504951477,
      0.99086993932724,
      0.9790960550308228,
      0.9766943454742432,
      0.963660717010498,
      0.9577948451042175,
      0.9566273093223572,
      0.9459757804870605,
      0.9367160201072693,
      0.8844651579856873
    ],
    [
      0.17855513095855713,
      0.2661716043949127,
      0.38172489404678345,
      0.49647319316864014,
      0.6269249320030212,
      0.6505569219589233,
      0.6634809374809265,
      0.6792715191841125,
      0.6943198442459106,
      0.747024655342102,
      0.7713214755058289,
      0.7854531407356262,
      0.8023772239685059,
      0.8244433999061584,
      0.8682839870452881,
      0.8970105051994324,
      0.9373549818992615,
      0.95570969581604,
      0.9703736901283264,
      0.9815236330032349,
      0.98924720287323,
      0.995895504951477,
      0.9999840259552002,
      0.9964647889137268,
      0.9875808358192444,
      0.9846228957176208,
      0.9720222353935242,
      0.9664179086685181,
      0.9654062986373901,
      0.9551560282707214,
      0.9457929730415344,
      0.88968425989151
    ],
    [
      0.17701439559459686,
      0.2647334635257721,
      0.3814123272895813,
      0.4978986084461212,
      0.6258239150047302,
      0.6493495106697083,
      0.6628080606460571,
      0.6758333444595337,
      0.6904944777488708,
      0.7414332628250122,
      0.7657190561294556,
      0.7794035077095032,
      0.7956048846244812,
      0.817558228969574,
      0.8586184978485107,
      0.8892248868942261,
      0.9290879368782043,
      0.9487155079841614,
      0.9620067477226257,
      0.9737223982810974,
      0.9819056987762451,
      0.99086993932724,
      0.9964647889137268,
      0.9999839067459106,
      0.9933031797409058,
      0.9909746646881104,
      0.9788315296173096,
      0.9734225869178772,
      0.9726440906524658,
      0.9634687304496765,
      0.9539193511009216,
      0.89854496717453
    ],
    [
      0.17250242829322815,
      0.25766459107398987,
      0.3707166612148285,
      0.4852728545665741,
      0.6154789328575134,
      0.6406888961791992,
      0.656406819820404,
      0.6698015332221985,
      0.6845168471336365,
      0.736644446849823,
      0.762076199054718,
      0.7749106287956238,
      0.7908480763435364,
      0.8107295036315918,
      0.846162736415863,
      0.8730720281600952,
      0.9130472540855408,
      0.9327054619789124,
      0.9452736973762512,
      0.9573560953140259,
      0.9677218198776245,
      0.9790960550308228,
      0.9875808358192444,
      0.9933031797409058,
      0.9999839067459106,
      0.9959822297096252,
      0.9892316460609436,
      0.9849966764450073,
      0.9829442501068115,
      0.9742293953895569,
      0.9613614082336426,
      0.8974886536598206
    ],
    [
      0.18084633350372314,
      0.2692106068134308,
      0.38705042004585266,
      0.5050048232078552,
      0.6274451017379761,
      0.6506727337837219,
      0.6655605435371399,
      0.6733077168464661,
      0.6864312291145325,
      0.7353752851486206,
      0.7606214880943298,
      0.7749906182289124,
      0.7911578416824341,
      0.8127438426017761,
      0.842705488204956,
      0.8722812533378601,
      0.9120181202888489,
      0.9338276982307434,
      0.9432736039161682,
      0.9551546573638916,
      0.9650958180427551,
      0.9766943454742432,
      0.9846228957176208,
      0.9909746646881104,
      0.9959822297096252,
      0.9999842047691345,
      0.9912094473838806,
      0.986562192440033,
      0.9852360486984253,
      0.9763838052749634,
      0.9648022055625916,
      0.903883695602417
    ],
    [
      0.17290173470973969,
      0.25871023535728455,
      0.3728761076927185,
      0.48812025785446167,
      0.6164834499359131,
      0.6413161754608154,
      0.6571502685546875,
      0.6696664094924927,
      0.6813161969184875,
      0.7309220433235168,
      0.7588041424751282,
      0.7720080018043518,
      0.7866745591163635,
      0.8047523498535156,
      0.8390296101570129,
      0.864984393119812,
      0.8991591334342957,
      0.9187155365943909,
      0.9296413064002991,
      0.9407606720924377,
      0.9521001577377319,
      0.963660717010498,
      0.9720222353935242,
      0.9788315296173096,
      0.9892316460609436,
      0.9912094473838806,
      0.9999839067459106,
      0.9974290132522583,
      0.9950135946273804,
      0.9867506623268127,
      0.9716441631317139,
      0.8979282975196838
    ],
    [
      0.16901135444641113,
      0.25459954142570496,
      0.36904051899909973,
      0.4848342835903168,
      0.6144828200340271,
      0.6409075856208801,
      0.6572375893592834,
      0.670586347579956,
      0.6816538572311401,
      0.7300449013710022,
      0.7588261365890503,
      0.7717142701148987,
      0.7864179015159607,
      0.8034319877624512,
      0.8370105028152466,
      0.8610776662826538,
      0.8943257331848145,
      0.9132221937179565,
      0.9243640303611755,
      0.9347578883171082,
      0.9461158514022827,
      0.9577948451042175,
      0.9664179086685181,
      0.9734225869178772,
      0.9849966764450073,
      0.986562192440033,
      0.9974290132522583,
      0.9999840259552002,
      0.9973132610321045,
      0.988585889339447,
      0.9726172685623169,
      0.8964104652404785
    ],
    [
      0.17052684724330902,
      0.257061243057251,
      0.3725312054157257,
      0.48920759558677673,
      0.6163636445999146,
      0.6423224210739136,
      0.658250093460083,
      0.6702081561088562,
      0.6804283857345581,
      0.7274385690689087,
      0.7555011510848999,
      0.769180953502655,
      0.7840446829795837,
      0.8015992641448975,
      0.835677444934845,
      0.8605139851570129,
      0.8934303522109985,
      0.9132425785064697,
      0.9243819117546082,
      0.9343243837356567,
      0.9456483125686646,
      0.9566273093223572,
      0.9654062986373901,
      0.9726440906524658,
      0.9829442501068115,
      0.9852360486984253,
      0.9950135946273804,
      0.9973132610321045,
      0.9999840259552002,
      0.9918485283851624,
      0.9780886769294739,
      0.9043920040130615
    ],
    [
      0.16673392057418823,
      0.2505643367767334,
      0.3633131682872772,
      0.4791629910469055,
      0.6076416969299316,
      0.632590651512146,
      0.6484375596046448,
      0.66142338514328,
      0.6722327470779419,
      0.7179448008537292,
      0.7442877292633057,
      0.7567980289459229,
      0.771615207195282,
      0.7898527383804321,
      0.8242414593696594,
      0.8500127196311951,
      0.8820427656173706,
      0.9014406204223633,
      0.9127026200294495,
      0.9222821593284607,
      0.9337194561958313,
      0.9459757804870605,
      0.9551560282707214,
      0.9634687304496765,
      0.9742293953895569,
      0.9763838052749634,
      0.9867506623268127,
      0.988585889339447,
      0.9918485283851624,
      0.9999836087226868,
      0.9898179173469543,
      0.9266091585159302
    ],
    [
      0.17178276181221008,
      0.25549444556236267,
      0.368289053440094,
      0.48420268297195435,
      0.6065718531608582,
      0.6287994384765625,
      0.6442248225212097,
      0.6557640433311462,
      0.665730893611908,
      0.7105265855789185,
      0.7350965142250061,
      0.7483707666397095,
      0.7647990584373474,
      0.7854518890380859,
      0.8195896148681641,
      0.8451695442199707,
      0.8774165511131287,
      0.897118091583252,
      0.9044305086135864,
      0.9141614437103271,
      0.9252909421920776,
      0.9367160201072693,
      0.9457929730415344,
      0.9539193511009216,
      0.9613614082336426,
      0.9648022055625916,
      0.9716441631317139,
      0.9726172685623169,
      0.9780886769294739,
      0.9898179173469543,
      0.9999837279319763,
      0.9467417597770691
    ],
    [
      0.18606099486351013,
      0.2693856954574585,
      0.37890908122062683,
      0.49017471075057983,
      0.6013765931129456,
      0.6172474026679993,
      0.6258202791213989,
      0.630943238735199,
      0.6435886025428772,
      0.6776037216186523,
      0.6985267996788025,
      0.7099968791007996,
      0.7252710461616516,
      0.7546180486679077,
      0.7714563608169556,
      0.8030335903167725,
      0.831152081489563,
      0.8495244979858398,
      0.8573176860809326,
      0.8654482960700989,
      0.8723700642585754,
      0.8844651579856873,
      0.88968425989151,
      0.89854496717453,
      0.8974886536598206,
      0.903883695602417,
      0.8979282975196838,
      0.8964104652404785,
      0.9043920040130615,
      0.9266091585159302,
      0.9467417597770691,
      0.9999838471412659
    ]
  ],
  "x_labels": [
    "L1",
    "L2",
    "L3",
    "L4",
    "L5",
    "L6",
    "L7",
    "L8",
    "L9",
    "L10",
    "L11",
    "L12",
    "L13",
    "L14",
    "L15",
    "L16",
    "L17",
    "L18",
    "L19",
    "L20",
    "L21",
    "L22",
    "L23",
    "L24",
    "L25",
    "L26",
    "L27",
    "L28",
    "L29",
    "L30",
    "L31",
    "L32"
  ],
  "y_labels": [
    "L1",
    "L2",
    "L3",
    "L4",
    "L5",
    "L6",
    "L7",
    "L8",
    "L9",
    "L10",
    "L11",
    "L12",
    "L13",
    "L14",
    "L15",
    "L16",
    "L17",
    "L18",
    "L19",
    "L20",
    "L21",
    "L22",
    "L23",
    "L24",
    "L25",
    "L26",
    "L27",
    "L28",
    "L29",
    "L30",
    "L31",
    "L32"
  ],
  "metric": "rsa_cos",
  "title": "RSA(1\u2212cos) within: meta-llama/Llama-3.1-8B [hi]",
  "model_a": "meta-llama/Llama-3.1-8B",
  "model_b": null,
  "info": {}
}