<html>
<head><meta charset="utf-8" /></head>
<body>
    <div>                        <script type="text/javascript">window.PlotlyConfig = {MathJaxConfig: 'local'};</script>
        <script charset="utf-8" src="https://cdn.plot.ly/plotly-2.32.0.min.js"></script>                <div id="c628b3f8-d98f-4d3f-9f54-25cdea3ce7bb" class="plotly-graph-div" style="height:100%; width:100%;"></div>            <script type="text/javascript">                                    window.PLOTLYENV=window.PLOTLYENV || {};                                    if (document.getElementById("c628b3f8-d98f-4d3f-9f54-25cdea3ce7bb")) {                    Plotly.newPlot(                        "c628b3f8-d98f-4d3f-9f54-25cdea3ce7bb",                        [{"colorscale":[[0.0,"#440154"],[0.1111111111111111,"#482878"],[0.2222222222222222,"#3e4989"],[0.3333333333333333,"#31688e"],[0.4444444444444444,"#26828e"],[0.5555555555555556,"#1f9e89"],[0.6666666666666666,"#35b779"],[0.7777777777777778,"#6ece58"],[0.8888888888888888,"#b5de2b"],[1.0,"#fde725"]],"x":["L1","L2","L3","L4","L5","L6","L7","L8","L9","L10","L11","L12","L13","L14","L15","L16","L17","L18","L19","L20","L21","L22","L23","L24","L25","L26","L27","L28","L29","L30","L31","L32"],"y":["L1","L2","L3","L4","L5","L6","L7","L8","L9","L10","L11","L12","L13","L14","L15","L16","L17","L18","L19","L20","L21","L22","L23","L24","L25","L26","L27","L28","L29","L30","L31","L32"],"z":[[1.0000001192092896,0.9532375931739807,0.9085364937782288,0.8211039304733276,0.6642521023750305,0.6278418302536011,0.6322034597396851,0.562657356262207,0.5676602721214294,0.5356879234313965,0.5525098443031311,0.586552619934082,0.6270964741706848,0.6415183544158936,0.5839107036590576,0.623748779296875,0.6335003972053528,0.6360614895820618,0.6119917631149292,0.6069043278694153,0.5958568453788757,0.58903968334198,0.5825107097625732,0.578323245048523,0.5770077705383301,0.5950537323951721,0.5873298645019531,0.5834928750991821,0.5966105461120605,0.5941998958587646,0.6253489851951599,0.5718324780464172],[0.9532375931739807,1.0,0.9684099555015564,0.8841666579246521,0.7293748259544373,0.6984599232673645,0.7023178935050964,0.6337379217147827,0.6355316042900085,0.5999016761779785,0.6164854764938354,0.6470300555229187,0.6823563575744629,0.6901585459709167,0.6273706555366516,0.6526715755462646,0.6644064784049988,0.6672908663749695,0.6437708139419556,0.6394750475883484,0.6296030879020691,0.6247879862785339,0.6199384331703186,0.6171643733978271,0.6163184642791748,0.6314396858215332,0.6246773600578308,0.6229187846183777,0.6376599073410034,0.6337835192680359,0.6569904088973999,0.6058506965637207],[0.9085364937782288,0.9684099555015564,1.0,0.9261749386787415,0.7846640348434448,0.7546623945236206,0.7564180493354797,0.6890885829925537,0.6890373826026917,0.6516196131706238,0.6675429344177246,0.6968491673469543,0.7259162664413452,0.7288382053375244,0.6624820828437805,0.6768086552619934,0.6899563074111938,0.6928409934043884,0.670360267162323,0.6682331562042236,0.659946620464325,0.6583903431892395,0.6568359732627869,0.6553459167480469,0.6554195284843445,0.6679478287696838,0.6626282334327698,0.6618766188621521,0.6763861179351807,0.6709632873535156,0.6878927946090698,0.6407999396324158],[0.8211039304733276,0.8841666579246521,0.9261749386787415,0.9999999403953552,0.8794932961463928,0.8497826457023621,0.8386811017990112,0.7826988697052002,0.7821217179298401,0.730004608631134,0.7424671053886414,0.766650378704071,0.7902615666389465,0.7919183969497681,0.7317848801612854,0.7403960227966309,0.7533525228500366,0.7523468732833862,0.7357202768325806,0.7375854253768921,0.7303527593612671,0.7299920320510864,0.728074848651886,0.7247785925865173,0.7237886786460876,0.7323595881462097,0.7281981110572815,0.7273504137992859,0.7376065254211426,0.7299391031265259,0.7399457097053528,0.6986044049263],[0.6642521023750305,0.7293748259544373,0.7846640348434448,0.8794932961463928,0.9999999403953552,0.9685675501823425,0.9332878589630127,0.8855294585227966,0.8689151406288147,0.8123776912689209,0.8155425190925598,0.823983371257782,0.8315602540969849,0.8182997107505798,0.7759509682655334,0.7649156451225281,0.771716833114624,0.7643190026283264,0.7560243010520935,0.7566564083099365,0.7503811120986938,0.7504556775093079,0.7474865317344666,0.7422934770584106,0.740558922290802,0.7436780333518982,0.7442125678062439,0.7447428107261658,0.7496200799942017,0.7388450503349304,0.73615962266922,0.693114161491394],[0.6278418302536011,0.6984599232673645,0.7546623945236206,0.8497826457023621,0.9685675501823425,1.0,0.9718256592750549,0.9341384768486023,0.9165191650390625,0.8618412017822266,0.8627977967262268,0.8665918111801147,0.8683004975318909,0.8496532440185547,0.8060964345932007,0.789293646812439,0.7973348498344421,0.7894646525382996,0.7814670205116272,0.7812042832374573,0.7750887870788574,0.7747142910957336,0.770904004573822,0.7658255100250244,0.7630062699317932,0.7637179493904114,0.7639797329902649,0.7656208872795105,0.7695725560188293,0.7590136528015137,0.7525836229324341,0.7048437595367432],[0.6322034597396851,0.7023178935050964,0.7564180493354797,0.8386811017990112,0.9332878589630127,0.9718256592750549,1.0000001192092896,0.9576686024665833,0.9368734359741211,0.8883823752403259,0.8886070847511292,0.8926013112068176,0.8895857930183411,0.8682341575622559,0.814684271812439,0.797400712966919,0.8075383901596069,0.7989784479141235,0.7905298471450806,0.7897614240646362,0.7848241329193115,0.784869372844696,0.7806883454322815,0.7760872840881348,0.7735477089881897,0.7751525640487671,0.7745273113250732,0.7760518193244934,0.7801691889762878,0.7706058621406555,0.764569878578186,0.7134843468666077],[0.562657356262207,0.6337379217147827,0.6890885829925537,0.7826988697052002,0.8855294585227966,0.9341384768486023,0.9576686024665833,0.9999999403953552,0.9789106249809265,0.9218732714653015,0.917070209980011,0.9146303534507751,0.9017236232757568,0.8765174746513367,0.8425953984260559,0.8111006617546082,0.8136878609657288,0.8041373491287231,0.799161434173584,0.7982969880104065,0.7913711667060852,0.7918289303779602,0.7878971695899963,0.7828437685966492,0.7795486450195312,0.7775173783302307,0.7776609063148499,0.7798749804496765,0.7811763286590576,0.7704184651374817,0.7579689621925354,0.7112617492675781],[0.5676602721214294,0.6355316042900085,0.6890373826026917,0.7821217179298401,0.8689151406288147,0.9165191650390625,0.9368734359741211,0.9789106249809265,0.9999998807907104,0.9436595439910889,0.9370530247688293,0.9336119890213013,0.9204742908477783,0.8967452645301819,0.8495775461196899,0.8189951777458191,0.8262924551963806,0.8175134062767029,0.8105064034461975,0.81118243932724,0.8056429028511047,0.8077418804168701,0.8058361411094666,0.8019638061523438,0.7992286086082458,0.7973660230636597,0.7969310879707336,0.7997269034385681,0.8015044331550598,0.7931528687477112,0.7810872793197632,0.736544668674469],[0.5356879234313965,0.5999016761779785,0.6516196131706238,0.730004608631134,0.8123776912689209,0.8618412017822266,0.8883823752403259,0.9218732714653015,0.9436595439910889,1.0000001192092896,0.980181872844696,0.9622892141342163,0.9320772886276245,0.9013546109199524,0.8549079298973083,0.827778160572052,0.8374079465866089,0.822982907295227,0.8221189379692078,0.8186125755310059,0.8150957226753235,0.8138625621795654,0.8073555827140808,0.8028558492660522,0.798507809638977,0.7967987060546875,0.7958217859268188,0.7971280813217163,0.7980003952980042,0.7887712717056274,0.7732693552970886,0.7224149107933044],[0.5525098443031311,0.6164854764938354,0.6675429344177246,0.7424671053886414,0.8155425190925598,0.8627977967262268,0.8886070847511292,0.917070209980011,0.9370530247688293,0.980181872844696,0.9999998807907104,0.9844688773155212,0.9557186365127563,0.9258614182472229,0.8777163624763489,0.8477799296379089,0.8579349517822266,0.84576016664505,0.8432666063308716,0.8394717574119568,0.8351466655731201,0.8330305218696594,0.8260717391967773,0.8211020231246948,0.8164723515510559,0.8143841624259949,0.8141244649887085,0.8155413269996643,0.817169189453125,0.8076779246330261,0.7929206490516663,0.7365187406539917],[0.586552619934082,0.6470300555229187,0.6968491673469543,0.766650378704071,0.823983371257782,0.8665918111801147,0.8926013112068176,0.9146303534507751,0.9336119890213013,0.9622892141342163,0.9844688773155212,1.0,0.9763715267181396,0.9502198696136475,0.8934999704360962,0.8645458221435547,0.8764212727546692,0.8671265244483948,0.8608495593070984,0.8583472967147827,0.85361647605896,0.8517817854881287,0.8459864258766174,0.8403760194778442,0.8362429738044739,0.8349620699882507,0.8340519070625305,0.8355811238288879,0.8378475308418274,0.8277165293693542,0.8154227137565613,0.7549987435340881],[0.6270964741706848,0.6823563575744629,0.7259162664413452,0.7902615666389465,0.8315602540969849,0.8683004975318909,0.8895857930183411,0.9017236232757568,0.9204742908477783,0.9320772886276245,0.9557186365127563,0.9763715267181396,0.9999998807907104,0.9806444048881531,0.9168171882629395,0.8918865323066711,0.9057514667510986,0.8982564210891724,0.8861064910888672,0.8832343220710754,0.8766175508499146,0.8728112578392029,0.8659747838973999,0.8592566251754761,0.8544049859046936,0.8542877435684204,0.852695882320404,0.8541537523269653,0.8575182557106018,0.8483444452285767,0.8413683772087097,0.7730848789215088],[0.6415183544158936,0.6901585459709167,0.7288382053375244,0.7919183969497681,0.8182997107505798,0.8496532440185547,0.8682341575622559,0.8765174746513367,0.8967452645301819,0.9013546109199524,0.9258614182472229,0.9502198696136475,0.9806444048881531,0.9999999403953552,0.928571343421936,0.9054103493690491,0.9239020347595215,0.9196668863296509,0.9060982465744019,0.9048601984977722,0.8981239199638367,0.8949253559112549,0.8887551426887512,0.8825345635414124,0.8778030276298523,0.8777340650558472,0.8754998445510864,0.876744270324707,0.8796216249465942,0.8720763325691223,0.8681191802024841,0.7966892719268799],[0.5839107036590576,0.6273706555366516,0.6624820828437805,0.7317848801612854,0.7759509682655334,0.8060964345932007,0.814684271812439,0.8425953984260559,0.8495775461196899,0.8549079298973083,0.8777163624763489,0.8934999704360962,0.9168171882629395,0.928571343421936,1.0000001192092896,0.9702491760253906,0.9542666077613831,0.9368748068809509,0.9338958859443665,0.925237238407135,0.9108422994613647,0.9002689123153687,0.8864060640335083,0.8763812184333801,0.8674740791320801,0.8633594512939453,0.8651235103607178,0.8637354373931885,0.8625450134277344,0.8502058386802673,0.838930070400238,0.7641786932945251],[0.623748779296875,0.6526715755462646,0.6768086552619934,0.7403960227966309,0.7649156451225281,0.789293646812439,0.797400712966919,0.8111006617546082,0.8189951777458191,0.827778160572052,0.8477799296379089,0.8645458221435547,0.8918865323066711,0.9054103493690491,0.9702491760253906,1.0000001192092896,0.9846471548080444,0.9668999910354614,0.9595410227775574,0.9496856927871704,0.9384660720825195,0.9256027936935425,0.9089280366897583,0.898122251033783,0.8879811763763428,0.8868632316589355,0.8875276446342468,0.8828191757202148,0.880525529384613,0.8704227209091187,0.8644222021102905,0.781110942363739],[0.6335003972053528,0.6644064784049988,0.6899563074111938,0.7533525228500366,0.771716833114624,0.7973348498344421,0.8075383901596069,0.8136878609657288,0.8262924551963806,0.8374079465866089,0.8579349517822266,0.8764212727546692,0.9057514667510986,0.9239020347595215,0.9542666077613831,0.9846471548080444,1.0,0.9898646473884583,0.9804579019546509,0.9734330773353577,0.9662532210350037,0.9551969170570374,0.941246509552002,0.9310432076454163,0.9216498136520386,0.9209760427474976,0.9201505780220032,0.9164124727249146,0.9147911667823792,0.9053337574005127,0.9006829857826233,0.8092100024223328],[0.6360614895820618,0.6672908663749695,0.6928409934043884,0.7523468732833862,0.7643190026283264,0.7894646525382996,0.7989784479141235,0.8041373491287231,0.8175134062767029,0.822982907295227,0.84576016664505,0.8671265244483948,0.8982564210891724,0.9196668863296509,0.9368748068809509,0.9668999910354614,0.9898646473884583,1.0,0.9892551898956299,0.9844960570335388,0.9781688451766968,0.9687527418136597,0.957360565662384,0.9473345875740051,0.9378675222396851,0.9367370009422302,0.9356967210769653,0.9327306151390076,0.9319121241569519,0.9230688214302063,0.9184725284576416,0.8211336135864258],[0.6119917631149292,0.6437708139419556,0.670360267162323,0.7357202768325806,0.7560243010520935,0.7814670205116272,0.7905298471450806,0.799161434173584,0.8105064034461975,0.8221189379692078,0.8432666063308716,0.8608495593070984,0.8861064910888672,0.9060982465744019,0.9338958859443665,0.9595410227775574,0.9804579019546509,0.9892551898956299,1.0,0.9954405426979065,0.9891822934150696,0.9800987839698792,0.9674934148788452,0.9581395387649536,0.9485089778900146,0.9459866881370544,0.9455316662788391,0.9421427249908447,0.9405542612075806,0.9303838014602661,0.9218990802764893,0.8285202383995056],[0.6069043278694153,0.6394750475883484,0.6682331562042236,0.7375854253768921,0.7566564083099365,0.7812042832374573,0.7897614240646362,0.7982969880104065,0.81118243932724,0.8186125755310059,0.8394717574119568,0.8583472967147827,0.8832343220710754,0.9048601984977722,0.925237238407135,0.9496856927871704,0.9734330773353577,0.9844960570335388,0.9954405426979065,1.0,0.995384693145752,0.9890394806861877,0.9793932437896729,0.9704541563987732,0.962155282497406,0.9595975279808044,0.9583948850631714,0.9554959535598755,0.953294038772583,0.9427586793899536,0.9337757229804993,0.840806782245636],[0.5958568453788757,0.6296030879020691,0.659946620464325,0.7303527593612671,0.7503811120986938,0.7750887870788574,0.7848241329193115,0.7913711667060852,0.8056429028511047,0.8150957226753235,0.8351466655731201,0.85361647605896,0.8766175508499146,0.8981239199638367,0.9108422994613647,0.9384660720825195,0.9662532210350037,0.9781688451766968,0.9891822934150696,0.995384693145752,1.0,0.9951404929161072,0.9867982268333435,0.9785288572311401,0.9711852073669434,0.9687990546226501,0.9672764539718628,0.9643100500106812,0.9618207216262817,0.951572597026825,0.9410225749015808,0.8477213978767395],[0.58903968334198,0.6247879862785339,0.6583903431892395,0.7299920320510864,0.7504556775093079,0.7747142910957336,0.784869372844696,0.7918289303779602,0.8077418804168701,0.8138625621795654,0.8330305218696594,0.8517817854881287,0.8728112578392029,0.8949253559112549,0.9002689123153687,0.9256027936935425,0.9551969170570374,0.9687527418136597,0.9800987839698792,0.9890394806861877,0.9951404929161072,0.9999999403953552,0.9955939054489136,0.9902172088623047,0.9845013618469238,0.9820146560668945,0.9796774983406067,0.9768689274787903,0.9733992218971252,0.9635655283927917,0.9514497518539429,0.861609697341919],[0.5825107097625732,0.6199384331703186,0.6568359732627869,0.728074848651886,0.7474865317344666,0.770904004573822,0.7806883454322815,0.7878971695899963,0.8058361411094666,0.8073555827140808,0.8260717391967773,0.8459864258766174,0.8659747838973999,0.8887551426887512,0.8864060640335083,0.9089280366897583,0.941246509552002,0.957360565662384,0.9674934148788452,0.9793932437896729,0.9867982268333435,0.9955939054489136,0.9999999403953552,0.9963880181312561,0.992531418800354,0.9898502230644226,0.9871840476989746,0.9848681688308716,0.9811628460884094,0.9714937210083008,0.9581164121627808,0.869465708732605],[0.578323245048523,0.6171643733978271,0.6553459167480469,0.7247785925865173,0.7422934770584106,0.7658255100250244,0.7760872840881348,0.7828437685966492,0.8019638061523438,0.8028558492660522,0.8211020231246948,0.8403760194778442,0.8592566251754761,0.8825345635414124,0.8763812184333801,0.898122251033783,0.9310432076454163,0.9473345875740051,0.9581395387649536,0.9704541563987732,0.9785288572311401,0.9902172088623047,0.9963880181312561,1.0,0.9971815347671509,0.9943536520004272,0.9915421605110168,0.9892256259918213,0.9853470325469971,0.9771445393562317,0.9629335999488831,0.87690669298172],[0.5770077705383301,0.6163184642791748,0.6554195284843445,0.7237886786460876,0.740558922290802,0.7630062699317932,0.7735477089881897,0.7795486450195312,0.7992286086082458,0.798507809638977,0.8164723515510559,0.8362429738044739,0.8544049859046936,0.8778030276298523,0.8674740791320801,0.8879811763763428,0.9216498136520386,0.9378675222396851,0.9485089778900146,0.962155282497406,0.9711852073669434,0.9845013618469238,0.992531418800354,0.9971815347671509,1.0,0.9973342418670654,0.9945658445358276,0.9924813508987427,0.9884669184684753,0.9804287552833557,0.9659181833267212,0.8833077549934387],[0.5950537323951721,0.6314396858215332,0.6679478287696838,0.7323595881462097,0.7436780333518982,0.7637179493904114,0.7751525640487671,0.7775173783302307,0.7973660230636597,0.7967987060546875,0.8143841624259949,0.8349620699882507,0.8542877435684204,0.8777340650558472,0.8633594512939453,0.8868632316589355,0.9209760427474976,0.9367370009422302,0.9459866881370544,0.9595975279808044,0.9687990546226501,0.9820146560668945,0.9898502230644226,0.9943536520004272,0.9973342418670654,0.9999999403953552,0.9969115853309631,0.9946680665016174,0.9910356998443604,0.9833176732063293,0.9708060622215271,0.8873787522315979],[0.5873298645019531,0.6246773600578308,0.6626282334327698,0.7281981110572815,0.7442125678062439,0.7639797329902649,0.7745273113250732,0.7776609063148499,0.7969310879707336,0.7958217859268188,0.8141244649887085,0.8340519070625305,0.852695882320404,0.8754998445510864,0.8651235103607178,0.8875276446342468,0.9201505780220032,0.9356967210769653,0.9455316662788391,0.9583948850631714,0.9672764539718628,0.9796774983406067,0.9871840476989746,0.9915421605110168,0.9945658445358276,0.9969115853309631,0.9999999403953552,0.9978618025779724,0.994223415851593,0.9870235919952393,0.9742305278778076,0.8906298279762268],[0.5834928750991821,0.6229187846183777,0.6618766188621521,0.7273504137992859,0.7447428107261658,0.7656208872795105,0.7760518193244934,0.7798749804496765,0.7997269034385681,0.7971280813217163,0.8155413269996643,0.8355811238288879,0.8541537523269653,0.876744270324707,0.8637354373931885,0.8828191757202148,0.9164124727249146,0.9327306151390076,0.9421427249908447,0.9554959535598755,0.9643100500106812,0.9768689274787903,0.9848681688308716,0.9892256259918213,0.9924813508987427,0.9946680665016174,0.9978618025779724,1.0,0.9966189861297607,0.98940509557724,0.9768933653831482,0.8934406638145447],[0.5966105461120605,0.6376599073410034,0.6763861179351807,0.7376065254211426,0.7496200799942017,0.7695725560188293,0.7801691889762878,0.7811763286590576,0.8015044331550598,0.7980003952980042,0.817169189453125,0.8378475308418274,0.8575182557106018,0.8796216249465942,0.8625450134277344,0.880525529384613,0.9147911667823792,0.9319121241569519,0.9405542612075806,0.953294038772583,0.9618207216262817,0.9733992218971252,0.9811628460884094,0.9853470325469971,0.9884669184684753,0.9910356998443604,0.994223415851593,0.9966189861297607,1.0,0.9935390949249268,0.9815829992294312,0.8995461463928223],[0.5941998958587646,0.6337835192680359,0.6709632873535156,0.7299391031265259,0.7388450503349304,0.7590136528015137,0.7706058621406555,0.7704184651374817,0.7931528687477112,0.7887712717056274,0.8076779246330261,0.8277165293693542,0.8483444452285767,0.8720763325691223,0.8502058386802673,0.8704227209091187,0.9053337574005127,0.9230688214302063,0.9303838014602661,0.9427586793899536,0.951572597026825,0.9635655283927917,0.9714937210083008,0.9771445393562317,0.9804287552833557,0.9833176732063293,0.9870235919952393,0.98940509557724,0.9935390949249268,1.0000001192092896,0.9914116263389587,0.9205152988433838],[0.6253489851951599,0.6569904088973999,0.6878927946090698,0.7399457097053528,0.73615962266922,0.7525836229324341,0.764569878578186,0.7579689621925354,0.7810872793197632,0.7732693552970886,0.7929206490516663,0.8154227137565613,0.8413683772087097,0.8681191802024841,0.838930070400238,0.8644222021102905,0.9006829857826233,0.9184725284576416,0.9218990802764893,0.9337757229804993,0.9410225749015808,0.9514497518539429,0.9581164121627808,0.9629335999488831,0.9659181833267212,0.9708060622215271,0.9742305278778076,0.9768933653831482,0.9815829992294312,0.9914116263389587,1.0000001192092896,0.9347621202468872],[0.5718324780464172,0.6058506965637207,0.6407999396324158,0.6986044049263,0.693114161491394,0.7048437595367432,0.7134843468666077,0.7112617492675781,0.736544668674469,0.7224149107933044,0.7365187406539917,0.7549987435340881,0.7730848789215088,0.7966892719268799,0.7641786932945251,0.781110942363739,0.8092100024223328,0.8211336135864258,0.8285202383995056,0.840806782245636,0.8477213978767395,0.861609697341919,0.869465708732605,0.87690669298172,0.8833077549934387,0.8873787522315979,0.8906298279762268,0.8934406638145447,0.8995461463928223,0.9205152988433838,0.9347621202468872,1.0]],"type":"heatmap"}],                        {"template":{"data":{"histogram2dcontour":[{"type":"histogram2dcontour","colorbar":{"outlinewidth":0,"ticks":""},"colorscale":[[0.0,"#0d0887"],[0.1111111111111111,"#46039f"],[0.2222222222222222,"#7201a8"],[0.3333333333333333,"#9c179e"],[0.4444444444444444,"#bd3786"],[0.5555555555555556,"#d8576b"],[0.6666666666666666,"#ed7953"],[0.7777777777777778,"#fb9f3a"],[0.8888888888888888,"#fdca26"],[1.0,"#f0f921"]]}],"choropleth":[{"type":"choropleth","colorbar":{"outlinewidth":0,"ticks":""}}],"histogram2d":[{"type":"histogram2d","colorbar":{"outlinewidth":0,"ticks":""},"colorscale":[[0.0,"#0d0887"],[0.1111111111111111,"#46039f"],[0.2222222222222222,"#7201a8"],[0.3333333333333333,"#9c179e"],[0.4444444444444444,"#bd3786"],[0.5555555555555556,"#d8576b"],[0.6666666666666666,"#ed7953"],[0.7777777777777778,"#fb9f3a"],[0.8888888888888888,"#fdca26"],[1.0,"#f0f921"]]}],"heatmap":[{"type":"heatmap","colorbar":{"outlinewidth":0,"ticks":""},"colorscale":[[0.0,"#0d0887"],[0.1111111111111111,"#46039f"],[0.2222222222222222,"#7201a8"],[0.3333333333333333,"#9c179e"],[0.4444444444444444,"#bd3786"],[0.5555555555555556,"#d8576b"],[0.6666666666666666,"#ed7953"],[0.7777777777777778,"#fb9f3a"],[0.8888888888888888,"#fdca26"],[1.0,"#f0f921"]]}],"heatmapgl":[{"type":"heatmapgl","colorbar":{"outlinewidth":0,"ticks":""},"colorscale":[[0.0,"#0d0887"],[0.1111111111111111,"#46039f"],[0.2222222222222222,"#7201a8"],[0.3333333333333333,"#9c179e"],[0.4444444444444444,"#bd3786"],[0.5555555555555556,"#d8576b"],[0.6666666666666666,"#ed7953"],[0.7777777777777778,"#fb9f3a"],[0.8888888888888888,"#fdca26"],[1.0,"#f0f921"]]}],"contourcarpet":[{"type":"contourcarpet","colorbar":{"outlinewidth":0,"ticks":""}}],"contour":[{"type":"contour","colorbar":{"outlinewidth":0,"ticks":""},"colorscale":[[0.0,"#0d0887"],[0.1111111111111111,"#46039f"],[0.2222222222222222,"#7201a8"],[0.3333333333333333,"#9c179e"],[0.4444444444444444,"#bd3786"],[0.5555555555555556,"#d8576b"],[0.6666666666666666,"#ed7953"],[0.7777777777777778,"#fb9f3a"],[0.8888888888888888,"#fdca26"],[1.0,"#f0f921"]]}],"surface":[{"type":"surface","colorbar":{"outlinewidth":0,"ticks":""},"colorscale":[[0.0,"#0d0887"],[0.1111111111111111,"#46039f"],[0.2222222222222222,"#7201a8"],[0.3333333333333333,"#9c179e"],[0.4444444444444444,"#bd3786"],[0.5555555555555556,"#d8576b"],[0.6666666666666666,"#ed7953"],[0.7777777777777778,"#fb9f3a"],[0.8888888888888888,"#fdca26"],[1.0,"#f0f921"]]}],"mesh3d":[{"type":"mesh3d","colorbar":{"outlinewidth":0,"ticks":""}}],"scatter":[{"fillpattern":{"fillmode":"overlay","size":10,"solidity":0.2},"type":"scatter"}],"parcoords":[{"type":"parcoords","line":{"colorbar":{"outlinewidth":0,"ticks":""}}}],"scatterpolargl":[{"type":"scatterpolargl","marker":{"colorbar":{"outlinewidth":0,"ticks":""}}}],"bar":[{"error_x":{"color":"#2a3f5f"},"error_y":{"color":"#2a3f5f"},"marker":{"line":{"color":"#E5ECF6","width":0.5},"pattern":{"fillmode":"overlay","size":10,"solidity":0.2}},"type":"bar"}],"scattergeo":[{"type":"scattergeo","marker":{"colorbar":{"outlinewidth":0,"ticks":""}}}],"scatterpolar":[{"type":"scatterpolar","marker":{"colorbar":{"outlinewidth":0,"ticks":""}}}],"histogram":[{"marker":{"pattern":{"fillmode":"overlay","size":10,"solidity":0.2}},"type":"histogram"}],"scattergl":[{"type":"scattergl","marker":{"colorbar":{"outlinewidth":0,"ticks":""}}}],"scatter3d":[{"type":"scatter3d","line":{"colorbar":{"outlinewidth":0,"ticks":""}},"marker":{"colorbar":{"outlinewidth":0,"ticks":""}}}],"scattermapbox":[{"type":"scattermapbox","marker":{"colorbar":{"outlinewidth":0,"ticks":""}}}],"scatterternary":[{"type":"scatterternary","marker":{"colorbar":{"outlinewidth":0,"ticks":""}}}],"scattercarpet":[{"type":"scattercarpet","marker":{"colorbar":{"outlinewidth":0,"ticks":""}}}],"carpet":[{"aaxis":{"endlinecolor":"#2a3f5f","gridcolor":"white","linecolor":"white","minorgridcolor":"white","startlinecolor":"#2a3f5f"},"baxis":{"endlinecolor":"#2a3f5f","gridcolor":"white","linecolor":"white","minorgridcolor":"white","startlinecolor":"#2a3f5f"},"type":"carpet"}],"table":[{"cells":{"fill":{"color":"#EBF0F8"},"line":{"color":"white"}},"header":{"fill":{"color":"#C8D4E3"},"line":{"color":"white"}},"type":"table"}],"barpolar":[{"marker":{"line":{"color":"#E5ECF6","width":0.5},"pattern":{"fillmode":"overlay","size":10,"solidity":0.2}},"type":"barpolar"}],"pie":[{"automargin":true,"type":"pie"}]},"layout":{"autotypenumbers":"strict","colorway":["#636efa","#EF553B","#00cc96","#ab63fa","#FFA15A","#19d3f3","#FF6692","#B6E880","#FF97FF","#FECB52"],"font":{"color":"#2a3f5f"},"hovermode":"closest","hoverlabel":{"align":"left"},"paper_bgcolor":"white","plot_bgcolor":"#E5ECF6","polar":{"bgcolor":"#E5ECF6","angularaxis":{"gridcolor":"white","linecolor":"white","ticks":""},"radialaxis":{"gridcolor":"white","linecolor":"white","ticks":""}},"ternary":{"bgcolor":"#E5ECF6","aaxis":{"gridcolor":"white","linecolor":"white","ticks":""},"baxis":{"gridcolor":"white","linecolor":"white","ticks":""},"caxis":{"gridcolor":"white","linecolor":"white","ticks":""}},"coloraxis":{"colorbar":{"outlinewidth":0,"ticks":""}},"colorscale":{"sequential":[[0.0,"#0d0887"],[0.1111111111111111,"#46039f"],[0.2222222222222222,"#7201a8"],[0.3333333333333333,"#9c179e"],[0.4444444444444444,"#bd3786"],[0.5555555555555556,"#d8576b"],[0.6666666666666666,"#ed7953"],[0.7777777777777778,"#fb9f3a"],[0.8888888888888888,"#fdca26"],[1.0,"#f0f921"]],"sequentialminus":[[0.0,"#0d0887"],[0.1111111111111111,"#46039f"],[0.2222222222222222,"#7201a8"],[0.3333333333333333,"#9c179e"],[0.4444444444444444,"#bd3786"],[0.5555555555555556,"#d8576b"],[0.6666666666666666,"#ed7953"],[0.7777777777777778,"#fb9f3a"],[0.8888888888888888,"#fdca26"],[1.0,"#f0f921"]],"diverging":[[0,"#8e0152"],[0.1,"#c51b7d"],[0.2,"#de77ae"],[0.3,"#f1b6da"],[0.4,"#fde0ef"],[0.5,"#f7f7f7"],[0.6,"#e6f5d0"],[0.7,"#b8e186"],[0.8,"#7fbc41"],[0.9,"#4d9221"],[1,"#276419"]]},"xaxis":{"gridcolor":"white","linecolor":"white","ticks":"","title":{"standoff":15},"zerolinecolor":"white","automargin":true,"zerolinewidth":2},"yaxis":{"gridcolor":"white","linecolor":"white","ticks":"","title":{"standoff":15},"zerolinecolor":"white","automargin":true,"zerolinewidth":2},"scene":{"xaxis":{"backgroundcolor":"#E5ECF6","gridcolor":"white","linecolor":"white","showbackground":true,"ticks":"","zerolinecolor":"white","gridwidth":2},"yaxis":{"backgroundcolor":"#E5ECF6","gridcolor":"white","linecolor":"white","showbackground":true,"ticks":"","zerolinecolor":"white","gridwidth":2},"zaxis":{"backgroundcolor":"#E5ECF6","gridcolor":"white","linecolor":"white","showbackground":true,"ticks":"","zerolinecolor":"white","gridwidth":2}},"shapedefaults":{"line":{"color":"#2a3f5f"}},"annotationdefaults":{"arrowcolor":"#2a3f5f","arrowhead":0,"arrowwidth":1},"geo":{"bgcolor":"white","landcolor":"#E5ECF6","subunitcolor":"white","showland":true,"showlakes":true,"lakecolor":"white"},"title":{"x":0.05},"mapbox":{"style":"light"}}},"margin":{"l":60,"r":40,"t":60,"b":60},"title":{"text":"CKA within: meta-llama\u002fLlama-3.1-8B [en]"},"xaxis":{"title":{"text":"Layer (X)"}},"yaxis":{"title":{"text":"Layer (Y)"}}},                        {"responsive": true}                    )                };                            </script>        </div>
</body>
</html>