{
  "matrix": [
    [
      0.9999841451644897,
      0.9339658617973328,
      0.8702554106712341,
      0.7310360074043274,
      0.5098124146461487,
      0.4549967646598816,
      0.4667898118495941,
      0.3860985338687897,
      0.39136090874671936,
      0.3564510941505432,
      0.37333858013153076,
      0.40615707635879517,
      0.44827795028686523,
      0.47344812750816345,
      0.42130720615386963,
      0.4898342490196228,
      0.4864141643047333,
      0.47755125164985657,
      0.4633380174636841,
      0.4584614932537079,
      0.44327738881111145,
      0.4322728216648102,
      0.41969311237335205,
      0.41474828124046326,
      0.41586121916770935,
      0.4448476731777191,
      0.4320441782474518,
      0.42547035217285156,
      0.4361288845539093,
      0.4362807273864746,
      0.4955750107765198,
      0.4386198818683624
    ],
    [
      0.9339658617973328,
      0.9999840259552002,
      0.9500198364257812,
      0.8226866722106934,
      0.59172523021698,
      0.5376285314559937,
      0.5447948575019836,
      0.4617663323879242,
      0.4645884037017822,
      0.42263826727867126,
      0.44012129306793213,
      0.4701339602470398,
      0.509171724319458,
      0.5297403931617737,
      0.47106921672821045,
      0.5282328724861145,
      0.5280762910842896,
      0.5188230276107788,
      0.5043413043022156,
      0.5005197525024414,
      0.486946165561676,
      0.4771161377429962,
      0.46594178676605225,
      0.4618109166622162,
      0.46304094791412354,
      0.48873424530029297,
      0.47761592268943787,
      0.47364386916160583,
      0.4839853346347809,
      0.4838370382785797,
      0.5359017848968506,
      0.48103389143943787
    ],
    [
      0.8702554106712341,
      0.9500198364257812,
      0.9999840259552002,
      0.8928097486495972,
      0.6699389219284058,
      0.6113913059234619,
      0.6154438853263855,
      0.5292378067970276,
      0.5286421775817871,
      0.4811452329158783,
      0.49939167499542236,
      0.530297577381134,
      0.5667808055877686,
      0.5817702412605286,
      0.5177227854728699,
      0.5645504593849182,
      0.5673958659172058,
      0.5599159598350525,
      0.5437830090522766,
      0.5421544313430786,
      0.5303096175193787,
      0.5231052041053772,
      0.5145919322967529,
      0.5110569596290588,
      0.5127301812171936,
      0.5357580184936523,
      0.525482714176178,
      0.5231056213378906,
      0.533173143863678,
      0.5323988199234009,
      0.5783562064170837,
      0.5258337259292603
    ],
    [
      0.7310360074043274,
      0.8226866722106934,
      0.8928097486495972,
      0.9999837279319763,
      0.8301189541816711,
      0.7712585926055908,
      0.755724310874939,
      0.6774711012840271,
      0.6705462336540222,
      0.6010014414787292,
      0.612204909324646,
      0.6388343572616577,
      0.6713970899581909,
      0.6796117424964905,
      0.6202348470687866,
      0.6522729992866516,
      0.6597732305526733,
      0.6521466970443726,
      0.6400987505912781,
      0.641355574131012,
      0.6300697922706604,
      0.6246588826179504,
      0.6178961992263794,
      0.6136941909790039,
      0.6143091320991516,
      0.6296541690826416,
      0.6216820478439331,
      0.6199953556060791,
      0.6282777786254883,
      0.6210434436798096,
      0.6479222774505615,
      0.5924559831619263
    ],
    [
      0.5098124146461487,
      0.59172523021698,
      0.6699389219284058,
      0.8301189541816711,
      0.9999840259552002,
      0.9594041705131531,
      0.91511070728302,
      0.8520681262016296,
      0.8245739936828613,
      0.7484421730041504,
      0.7435594797134399,
      0.7504422068595886,
      0.7653322815895081,
      0.7499074935913086,
      0.716251015663147,
      0.7143303751945496,
      0.7187708020210266,
      0.707627534866333,
      0.7011725306510925,
      0.6988673806190491,
      0.6879977583885193,
      0.6834863424301147,
      0.6775091886520386,
      0.6707280874252319,
      0.6680325269699097,
      0.67125403881073,
      0.6701850295066833,
      0.67105633020401,
      0.6731698513031006,
      0.657662034034729,
      0.6571786999702454,
      0.5905658006668091
    ],
    [
      0.4549967646598816,
      0.5376285314559937,
      0.6113913059234619,
      0.7712585926055908,
      0.9594041705131531,
      0.999983549118042,
      0.9585732817649841,
      0.9080271124839783,
      0.8786376118659973,
      0.8056146502494812,
      0.7997758984565735,
      0.8008023500442505,
      0.8073652386665344,
      0.7829411029815674,
      0.7510803937911987,
      0.7376588582992554,
      0.7427815794944763,
      0.7311885356903076,
      0.7243830561637878,
      0.7204575538635254,
      0.7093861103057861,
      0.7043377161026001,
      0.6971290707588196,
      0.6893746256828308,
      0.6849755644798279,
      0.6840122938156128,
      0.6836634278297424,
      0.6859456896781921,
      0.685799241065979,
      0.6682924032211304,
      0.659913182258606,
      0.5885542631149292
    ],
    [
      0.4667898118495941,
      0.5447948575019836,
      0.6154438853263855,
      0.755724310874939,
      0.91511070728302,
      0.9585732817649841,
      0.9999838471412659,
      0.9362043738365173,
      0.9035252928733826,
      0.8381773829460144,
      0.8351096510887146,
      0.8365479707717896,
      0.8358445763587952,
      0.8090254068374634,
      0.7635958194732666,
      0.749284029006958,
      0.7564225792884827,
      0.7431351542472839,
      0.736059844493866,
      0.7311370372772217,
      0.7217800617218018,
      0.7174704670906067,
      0.7092937231063843,
      0.7018764019012451,
      0.6977246999740601,
      0.6977049708366394,
      0.6959357857704163,
      0.6974203586578369,
      0.6969478130340576,
      0.680304765701294,
      0.6735237240791321,
      0.5990138649940491
    ],
    [
      0.3860985338687897,
      0.4617663323879242,
      0.5292378067970276,
      0.6774711012840271,
      0.8520681262016296,
      0.9080271124839783,
      0.9362043738365173,
      0.9999838471412659,
      0.9684076309204102,
      0.8836403489112854,
      0.8765033483505249,
      0.871858537197113,
      0.8591344356536865,
      0.8280351161956787,
      0.8061578869819641,
      0.7705298066139221,
      0.7715731859207153,
      0.7613862752914429,
      0.7539315223693848,
      0.7478047609329224,
      0.7354670166969299,
      0.7303082346916199,
      0.7226864695549011,
      0.7140125632286072,
      0.7082831263542175,
      0.7021329402923584,
      0.7022682428359985,
      0.7058879733085632,
      0.7024438381195068,
      0.6845757365226746,
      0.667608380317688,
      0.5973934531211853
    ],
    [
      0.39136090874671936,
      0.4645884037017822,
      0.5286421775817871,
      0.6705462336540222,
      0.8245739936828613,
      0.8786376118659973,
      0.9035252928733826,
      0.9684076309204102,
      0.9999837279319763,
      0.9146990180015564,
      0.9021944403648376,
      0.8944436311721802,
      0.8775354027748108,
      0.8460621237754822,
      0.808435320854187,
      0.7759978175163269,
      0.7823997139930725,
      0.7707914113998413,
      0.7625220417976379,
      0.7570260763168335,
      0.745414674282074,
      0.7414783239364624,
      0.7356491684913635,
      0.7279496192932129,
      0.7224245667457581,
      0.7170195579528809,
      0.71634441614151,
      0.7202742695808411,
      0.717674195766449,
      0.7036117315292358,
      0.6868811249732971,
      0.6212854385375977
    ],
    [
      0.3564510941505432,
      0.42263826727867126,
      0.4811452329158783,
      0.6010014414787292,
      0.7484421730041504,
      0.8056146502494812,
      0.8381773829460144,
      0.8836403489112854,
      0.9146990180015564,
      0.9999839067459106,
      0.9684455990791321,
      0.9396884441375732,
      0.8999601602554321,
      0.8569226861000061,
      0.8097978234291077,
      0.7816181778907776,
      0.7935636639595032,
      0.7741048336029053,
      0.7736627459526062,
      0.7661037445068359,
      0.7595118880271912,
      0.7537932991981506,
      0.7443104386329651,
      0.7368183732032776,
      0.7301974892616272,
      0.7244572639465332,
      0.7232738733291626,
      0.7248254418373108,
      0.7192855477333069,
      0.7030453681945801,
      0.6807223558425903,
      0.6033077836036682
    ],
    [
      0.37333858013153076,
      0.44012129306793213,
      0.49939167499542236,
      0.612204909324646,
      0.7435594797134399,
      0.7997758984565735,
      0.8351096510887146,
      0.8765033483505249,
      0.9021944403648376,
      0.9684455990791321,
      0.9999840259552002,
      0.9751942157745361,
      0.9322824478149414,
      0.8876427412033081,
      0.8359375,
      0.8049529790878296,
      0.8162699341773987,
      0.7986155152320862,
      0.7950867414474487,
      0.786635160446167,
      0.7792101502418518,
      0.7727582454681396,
      0.7630611658096313,
      0.7553353309631348,
      0.7489364147186279,
      0.7426859140396118,
      0.7427046895027161,
      0.7440211772918701,
      0.7383002042770386,
      0.7218154072761536,
      0.7004331350326538,
      0.6187556982040405
    ],
    [
      0.40615707635879517,
      0.4701339602470398,
      0.530297577381134,
      0.6388343572616577,
      0.7504422068595886,
      0.8008023500442505,
      0.8365479707717896,
      0.871858537197113,
      0.8944436311721802,
      0.9396884441375732,
      0.9751942157745361,
      0.9999840259552002,
      0.9622025489807129,
      0.9207861423492432,
      0.8580705523490906,
      0.8273705840110779,
      0.8389666676521301,
      0.824773371219635,
      0.8165708780288696,
      0.8095477819442749,
      0.8007529377937317,
      0.7937249541282654,
      0.7845920920372009,
      0.7754448056221008,
      0.7690961956977844,
      0.7646679282188416,
      0.7634615302085876,
      0.7646966576576233,
      0.760621190071106,
      0.7433721423149109,
      0.7260230183601379,
      0.6364031434059143
    ],
    [
      0.44827795028686523,
      0.509171724319458,
      0.5667808055877686,
      0.6713970899581909,
      0.7653322815895081,
      0.8073652386665344,
      0.8358445763587952,
      0.8591344356536865,
      0.8775354027748108,
      0.8999601602554321,
      0.9322824478149414,
      0.9622025489807129,
      0.999983549118042,
      0.9673199653625488,
      0.889662504196167,
      0.8610705137252808,
      0.8723724484443665,
      0.8580933809280396,
      0.8420955538749695,
      0.8337628841400146,
      0.8218494653701782,
      0.8123316764831543,
      0.8016706109046936,
      0.7911977767944336,
      0.7846089005470276,
      0.7826634645462036,
      0.7800335884094238,
      0.7807396650314331,
      0.7789651155471802,
      0.762999951839447,
      0.7525237798690796,
      0.6559506058692932
    ],
    [
      0.47344812750816345,
      0.5297403931617737,
      0.5817702412605286,
      0.6796117424964905,
      0.7499074935913086,
      0.7829411029815674,
      0.8090254068374634,
      0.8280351161956787,
      0.8460621237754822,
      0.8569226861000061,
      0.8876427412033081,
      0.9207861423492432,
      0.9673199653625488,
      0.9999834299087524,
      0.9069955945014954,
      0.878635823726654,
      0.8932676315307617,
      0.8811402320861816,
      0.8619183301925659,
      0.8559423685073853,
      0.8434681296348572,
      0.835166335105896,
      0.8250587582588196,
      0.8156746029853821,
      0.8099595904350281,
      0.8090583086013794,
      0.8047150373458862,
      0.8049710392951965,
      0.8041383624076843,
      0.7916052341461182,
      0.7852409482002258,
      0.6862542629241943
    ],
    [
      0.42130720615386963,
      0.47106921672821045,
      0.5177227854728699,
      0.6202348470687866,
      0.716251015663147,
      0.7510803937911987,
      0.7635958194732666,
      0.8061578869819641,
      0.808435320854187,
      0.8097978234291077,
      0.8359375,
      0.8580705523490906,
      0.889662504196167,
      0.9069955945014954,
      0.9999839067459106,
      0.9599248170852661,
      0.9424235224723816,
      0.9233971238136292,
      0.9140157699584961,
      0.9014846682548523,
      0.8824996948242188,
      0.8683897852897644,
      0.8533080816268921,
      0.8410841226577759,
      0.8310500979423523,
      0.8231163620948792,
      0.8250667452812195,
      0.8249062895774841,
      0.8197777271270752,
      0.7994935512542725,
      0.7809838652610779,
      0.6714524626731873
    ],
    [
      0.4898342490196228,
      0.5282328724861145,
      0.5645504593849182,
      0.6522729992866516,
      0.7143303751945496,
      0.7376588582992554,
      0.749284029006958,
      0.7705298066139221,
      0.7759978175163269,
      0.7816181778907776,
      0.8049529790878296,
      0.8273705840110779,
      0.8610705137252808,
      0.878635823726654,
      0.9599248170852661,
      0.9999837279319763,
      0.9820220470428467,
      0.9634929895401001,
      0.9522716999053955,
      0.939443051815033,
      0.9242793321609497,
      0.908863365650177,
      0.8907652497291565,
      0.8790802359580994,
      0.8687716126441956,
      0.8661012649536133,
      0.866327702999115,
      0.8619831800460815,
      0.8569272756576538,
      0.8389899134635925,
      0.8278062343597412,
      0.7058005332946777
    ],
    [
      0.4864141643047333,
      0.5280762910842896,
      0.5673958659172058,
      0.6597732305526733,
      0.7187708020210266,
      0.7427815794944763,
      0.7564225792884827,
      0.7715731859207153,
      0.7823997139930725,
      0.7935636639595032,
      0.8162699341773987,
      0.8389666676521301,
      0.8723724484443665,
      0.8932676315307617,
      0.9424235224723816,
      0.9820220470428467,
      0.9999838471412659,
      0.9859530329704285,
      0.9731900095939636,
      0.9639904499053955,
      0.9529672861099243,
      0.9398552775382996,
      0.92488032579422,
      0.9138563275337219,
      0.9046737551689148,
      0.9029977321624756,
      0.9010767936706543,
      0.8976447582244873,
      0.8934815526008606,
      0.8746355772018433,
      0.8621540069580078,
      0.7317670583724976
    ],
    [
      0.47755125164985657,
      0.5188230276107788,
      0.5599159598350525,
      0.6521466970443726,
      0.707627534866333,
      0.7311885356903076,
      0.7431351542472839,
      0.7613862752914429,
      0.7707914113998413,
      0.7741048336029053,
      0.7986155152320862,
      0.824773371219635,
      0.8580933809280396,
      0.8811402320861816,
      0.9233971238136292,
      0.9634929895401001,
      0.9859530329704285,
      0.9999839067459106,
      0.9846817851066589,
      0.9784265160560608,
      0.9683548808097839,
      0.9571591019630432,
      0.9450685977935791,
      0.933437705039978,
      0.9241272807121277,
      0.9218698740005493,
      0.9203005433082581,
      0.9175861477851868,
      0.9136490225791931,
      0.8954037427902222,
      0.8821831941604614,
      0.7476019263267517
    ],
    [
      0.4633380174636841,
      0.5043413043022156,
      0.5437830090522766,
      0.6400987505912781,
      0.7011725306510925,
      0.7243830561637878,
      0.736059844493866,
      0.7539315223693848,
      0.7625220417976379,
      0.7736627459526062,
      0.7950867414474487,
      0.8165708780288696,
      0.8420955538749695,
      0.8619183301925659,
      0.9140157699584961,
      0.9522716999053955,
      0.9731900095939636,
      0.9846817851066589,
      0.9999840259552002,
      0.9941676259040833,
      0.9854088425636292,
      0.9751888513565063,
      0.9621598720550537,
      0.9521464705467224,
      0.9431800246238708,
      0.9387822151184082,
      0.937727689743042,
      0.9340655207633972,
      0.9295624494552612,
      0.9102457165718079,
      0.8924282193183899,
      0.7594631910324097
    ],
    [
      0.4584614932537079,
      0.5005197525024414,
      0.5421544313430786,
      0.641355574131012,
      0.6988673806190491,
      0.7204575538635254,
      0.7311370372772217,
      0.7478047609329224,
      0.7570260763168335,
      0.7661037445068359,
      0.786635160446167,
      0.8095477819442749,
      0.8337628841400146,
      0.8559423685073853,
      0.9014846682548523,
      0.939443051815033,
      0.9639904499053955,
      0.9784265160560608,
      0.9941676259040833,
      0.999983549118042,
      0.993296205997467,
      0.9858497381210327,
      0.9758631587028503,
      0.966275155544281,
      0.9583055973052979,
      0.9540178179740906,
      0.951358437538147,
      0.9479171633720398,
      0.9434961080551147,
      0.9237216711044312,
      0.904944896697998,
      0.7710615396499634
    ],
    [
      0.44327738881111145,
      0.486946165561676,
      0.5303096175193787,
      0.6300697922706604,
      0.6879977583885193,
      0.7093861103057861,
      0.7217800617218018,
      0.7354670166969299,
      0.745414674282074,
      0.7595118880271912,
      0.7792101502418518,
      0.8007529377937317,
      0.8218494653701782,
      0.8434681296348572,
      0.8824996948242188,
      0.9242793321609497,
      0.9529672861099243,
      0.9683548808097839,
      0.9854088425636292,
      0.993296205997467,
      0.9999840259552002,
      0.9941620230674744,
      0.9855954051017761,
      0.9770812392234802,
      0.9701672792434692,
      0.9658340215682983,
      0.962913990020752,
      0.9590582847595215,
      0.9541056752204895,
      0.9343429803848267,
      0.9127331972122192,
      0.7759366631507874
    ],
    [
      0.4322728216648102,
      0.4771161377429962,
      0.5231052041053772,
      0.6246588826179504,
      0.6834863424301147,
      0.7043377161026001,
      0.7174704670906067,
      0.7303082346916199,
      0.7414783239364624,
      0.7537932991981506,
      0.7727582454681396,
      0.7937249541282654,
      0.8123316764831543,
      0.835166335105896,
      0.8683897852897644,
      0.908863365650177,
      0.9398552775382996,
      0.9571591019630432,
      0.9751888513565063,
      0.9858497381210327,
      0.9941620230674744,
      0.9999839067459106,
      0.9947162866592407,
      0.9888945817947388,
      0.9828776121139526,
      0.978192150592804,
      0.9741876125335693,
      0.9704523086547852,
      0.96466064453125,
      0.9457980990409851,
      0.9225107431411743,
      0.7888568043708801
    ],
    [
      0.41969311237335205,
      0.46594178676605225,
      0.5145919322967529,
      0.6178961992263794,
      0.6775091886520386,
      0.6971290707588196,
      0.7092937231063843,
      0.7226864695549011,
      0.7356491684913635,
      0.7443104386329651,
      0.7630611658096313,
      0.7845920920372009,
      0.8016706109046936,
      0.8250587582588196,
      0.8533080816268921,
      0.8907652497291565,
      0.92488032579422,
      0.9450685977935791,
      0.9621598720550537,
      0.9758631587028503,
      0.9855954051017761,
      0.9947162866592407,
      0.9999837279319763,
      0.9951369762420654,
      0.9903450608253479,
      0.9850813150405884,
      0.98089599609375,
      0.9775946736335754,
      0.9716172814369202,
      0.9529243111610413,
      0.927936315536499,
      0.7949995398521423
    ],
    [
      0.41474828124046326,
      0.4618109166622162,
      0.5110569596290588,
      0.6136941909790039,
      0.6707280874252319,
      0.6893746256828308,
      0.7018764019012451,
      0.7140125632286072,
      0.7279496192932129,
      0.7368183732032776,
      0.7553353309631348,
      0.7754448056221008,
      0.7911977767944336,
      0.8156746029853821,
      0.8410841226577759,
      0.8790802359580994,
      0.9138563275337219,
      0.933437705039978,
      0.9521464705467224,
      0.966275155544281,
      0.9770812392234802,
      0.9888945817947388,
      0.9951369762420654,
      0.9999839067459106,
      0.9961609840393066,
      0.9907675981521606,
      0.9864418506622314,
      0.9829286932945251,
      0.9766906499862671,
      0.9602836966514587,
      0.9347932934761047,
      0.8055793642997742
    ],
    [
      0.41586121916770935,
      0.46304094791412354,
      0.5127301812171936,
      0.6143091320991516,
      0.6680325269699097,
      0.6849755644798279,
      0.6977246999740601,
      0.7082831263542175,
      0.7224245667457581,
      0.7301974892616272,
      0.7489364147186279,
      0.7690961956977844,
      0.7846089005470276,
      0.8099595904350281,
      0.8310500979423523,
      0.8687716126441956,
      0.9046737551689148,
      0.9241272807121277,
      0.9431800246238708,
      0.9583055973052979,
      0.9701672792434692,
      0.9828776121139526,
      0.9903450608253479,
      0.9961609840393066,
      0.9999838471412659,
      0.9949551224708557,
      0.9904157519340515,
      0.986899733543396,
      0.9806548357009888,
      0.9650475382804871,
      0.9398860335350037,
      0.8132324814796448
    ],
    [
      0.4448476731777191,
      0.48873424530029297,
      0.5357580184936523,
      0.6296541690826416,
      0.67125403881073,
      0.6840122938156128,
      0.6977049708366394,
      0.7021329402923584,
      0.7170195579528809,
      0.7244572639465332,
      0.7426859140396118,
      0.7646679282188416,
      0.7826634645462036,
      0.8090583086013794,
      0.8231163620948792,
      0.8661012649536133,
      0.9029977321624756,
      0.9218698740005493,
      0.9387822151184082,
      0.9540178179740906,
      0.9658340215682983,
      0.978192150592804,
      0.9850813150405884,
      0.9907675981521606,
      0.9949551224708557,
      0.9999843239784241,
      0.9943665862083435,
      0.9905849695205688,
      0.9855303168296814,
      0.9709084033966064,
      0.9502052664756775,
      0.8207023739814758
    ],
    [
      0.4320441782474518,
      0.47761592268943787,
      0.525482714176178,
      0.6216820478439331,
      0.6701850295066833,
      0.6836634278297424,
      0.6959357857704163,
      0.7022682428359985,
      0.71634441614151,
      0.7232738733291626,
      0.7427046895027161,
      0.7634615302085876,
      0.7800335884094238,
      0.8047150373458862,
      0.8250667452812195,
      0.866327702999115,
      0.9010767936706543,
      0.9203005433082581,
      0.937727689743042,
      0.951358437538147,
      0.962913990020752,
      0.9741876125335693,
      0.98089599609375,
      0.9864418506622314,
      0.9904157519340515,
      0.9943665862083435,
      0.9999838471412659,
      0.9961600303649902,
      0.9909257292747498,
      0.9771839380264282,
      0.9544875025749207,
      0.8215705156326294
    ],
    [
      0.42547035217285156,
      0.47364386916160583,
      0.5231056213378906,
      0.6199953556060791,
      0.67105633020401,
      0.6859456896781921,
      0.6974203586578369,
      0.7058879733085632,
      0.7202742695808411,
      0.7248254418373108,
      0.7440211772918701,
      0.7646966576576233,
      0.7807396650314331,
      0.8049710392951965,
      0.8249062895774841,
      0.8619831800460815,
      0.8976447582244873,
      0.9175861477851868,
      0.9340655207633972,
      0.9479171633720398,
      0.9590582847595215,
      0.9704523086547852,
      0.9775946736335754,
      0.9829286932945251,
      0.986899733543396,
      0.9905849695205688,
      0.9961600303649902,
      0.9999837279319763,
      0.9948084950447083,
      0.980571448802948,
      0.9577662944793701,
      0.8249993324279785
    ],
    [
      0.4361288845539093,
      0.4839853346347809,
      0.533173143863678,
      0.6282777786254883,
      0.6731698513031006,
      0.685799241065979,
      0.6969478130340576,
      0.7024438381195068,
      0.717674195766449,
      0.7192855477333069,
      0.7383002042770386,
      0.760621190071106,
      0.7789651155471802,
      0.8041383624076843,
      0.8197777271270752,
      0.8569272756576538,
      0.8934815526008606,
      0.9136490225791931,
      0.9295624494552612,
      0.9434961080551147,
      0.9541056752204895,
      0.96466064453125,
      0.9716172814369202,
      0.9766906499862671,
      0.9806548357009888,
      0.9855303168296814,
      0.9909257292747498,
      0.9948084950447083,
      0.9999841451644897,
      0.9871358871459961,
      0.965711236000061,
      0.8351770043373108
    ],
    [
      0.4362807273864746,
      0.4838370382785797,
      0.5323988199234009,
      0.6210434436798096,
      0.657662034034729,
      0.6682924032211304,
      0.680304765701294,
      0.6845757365226746,
      0.7036117315292358,
      0.7030453681945801,
      0.7218154072761536,
      0.7433721423149109,
      0.762999951839447,
      0.7916052341461182,
      0.7994935512542725,
      0.8389899134635925,
      0.8746355772018433,
      0.8954037427902222,
      0.9102457165718079,
      0.9237216711044312,
      0.9343429803848267,
      0.9457980990409851,
      0.9529243111610413,
      0.9602836966514587,
      0.9650475382804871,
      0.9709084033966064,
      0.9771839380264282,
      0.980571448802948,
      0.9871358871459961,
      0.9999838471412659,
      0.9841390252113342,
      0.8759787082672119
    ],
    [
      0.4955750107765198,
      0.5359017848968506,
      0.5783562064170837,
      0.6479222774505615,
      0.6571786999702454,
      0.659913182258606,
      0.6735237240791321,
      0.667608380317688,
      0.6868811249732971,
      0.6807223558425903,
      0.7004331350326538,
      0.7260230183601379,
      0.7525237798690796,
      0.7852409482002258,
      0.7809838652610779,
      0.8278062343597412,
      0.8621540069580078,
      0.8821831941604614,
      0.8924282193183899,
      0.904944896697998,
      0.9127331972122192,
      0.9225107431411743,
      0.927936315536499,
      0.9347932934761047,
      0.9398860335350037,
      0.9502052664756775,
      0.9544875025749207,
      0.9577662944793701,
      0.965711236000061,
      0.9841390252113342,
      0.9999838471412659,
      0.9038809537887573
    ],
    [
      0.4386198818683624,
      0.48103389143943787,
      0.5258337259292603,
      0.5924559831619263,
      0.5905658006668091,
      0.5885542631149292,
      0.5990138649940491,
      0.5973934531211853,
      0.6212854385375977,
      0.6033077836036682,
      0.6187556982040405,
      0.6364031434059143,
      0.6559506058692932,
      0.6862542629241943,
      0.6714524626731873,
      0.7058005332946777,
      0.7317670583724976,
      0.7476019263267517,
      0.7594631910324097,
      0.7710615396499634,
      0.7759366631507874,
      0.7888568043708801,
      0.7949995398521423,
      0.8055793642997742,
      0.8132324814796448,
      0.8207023739814758,
      0.8215705156326294,
      0.8249993324279785,
      0.8351770043373108,
      0.8759787082672119,
      0.9038809537887573,
      0.9999839067459106
    ]
  ],
  "x_labels": [
    "L1",
    "L2",
    "L3",
    "L4",
    "L5",
    "L6",
    "L7",
    "L8",
    "L9",
    "L10",
    "L11",
    "L12",
    "L13",
    "L14",
    "L15",
    "L16",
    "L17",
    "L18",
    "L19",
    "L20",
    "L21",
    "L22",
    "L23",
    "L24",
    "L25",
    "L26",
    "L27",
    "L28",
    "L29",
    "L30",
    "L31",
    "L32"
  ],
  "y_labels": [
    "L1",
    "L2",
    "L3",
    "L4",
    "L5",
    "L6",
    "L7",
    "L8",
    "L9",
    "L10",
    "L11",
    "L12",
    "L13",
    "L14",
    "L15",
    "L16",
    "L17",
    "L18",
    "L19",
    "L20",
    "L21",
    "L22",
    "L23",
    "L24",
    "L25",
    "L26",
    "L27",
    "L28",
    "L29",
    "L30",
    "L31",
    "L32"
  ],
  "metric": "rsa_corr",
  "title": "RSA(1\u2212corr) within: meta-llama/Llama-3.1-8B [en]",
  "model_a": "meta-llama/Llama-3.1-8B",
  "model_b": null,
  "info": {}
}