<html>
<head><meta charset="utf-8" /></head>
<body>
    <div>                        <script type="text/javascript">window.PlotlyConfig = {MathJaxConfig: 'local'};</script>
        <script charset="utf-8" src="https://cdn.plot.ly/plotly-2.32.0.min.js"></script>                <div id="87c2754d-f748-4564-b564-7c22c2aeee4d" class="plotly-graph-div" style="height:100%; width:100%;"></div>            <script type="text/javascript">                                    window.PLOTLYENV=window.PLOTLYENV || {};                                    if (document.getElementById("87c2754d-f748-4564-b564-7c22c2aeee4d")) {                    Plotly.newPlot(                        "87c2754d-f748-4564-b564-7c22c2aeee4d",                        [{"colorscale":[[0.0,"#440154"],[0.1111111111111111,"#482878"],[0.2222222222222222,"#3e4989"],[0.3333333333333333,"#31688e"],[0.4444444444444444,"#26828e"],[0.5555555555555556,"#1f9e89"],[0.6666666666666666,"#35b779"],[0.7777777777777778,"#6ece58"],[0.8888888888888888,"#b5de2b"],[1.0,"#fde725"]],"x":["L1","L2","L3","L4","L5","L6","L7","L8","L9","L10","L11","L12","L13","L14","L15","L16"],"y":["L1","L2","L3","L4","L5","L6","L7","L8","L9","L10","L11","L12","L13","L14","L15","L16"],"z":[[1.0,0.9430733919143677,0.8753789663314819,0.7595752477645874,0.6663252115249634,0.6510868072509766,0.663390576839447,0.6742965579032898,0.6566919684410095,0.7143282890319824,0.6648440957069397,0.6574854254722595,0.6466245651245117,0.6306836009025574,0.6342532634735107,0.6190191507339478],[0.9430733919143677,1.0000001192092896,0.9465715289115906,0.828850507736206,0.7220929861068726,0.7109038829803467,0.7216905951499939,0.7248626947402954,0.6880365014076233,0.739008367061615,0.6940889358520508,0.6914579272270203,0.6802977323532104,0.6634979844093323,0.6646396517753601,0.6471476554870605],[0.8753789663314819,0.9465715289115906,1.0000001192092896,0.9000973701477051,0.7934101819992065,0.788971483707428,0.7955973148345947,0.7930257320404053,0.7399970889091492,0.7841519117355347,0.7501536011695862,0.7493305206298828,0.7387223839759827,0.722816526889801,0.7209139466285706,0.6996945738792419],[0.7595752477645874,0.828850507736206,0.9000973701477051,1.0000001192092896,0.8947431445121765,0.889680027961731,0.8747238516807556,0.861770510673523,0.8093605041503906,0.8283191919326782,0.8010217547416687,0.8006519675254822,0.7890148162841797,0.7726578116416931,0.7656493782997131,0.7479007244110107],[0.6663252115249634,0.7220929861068726,0.7934101819992065,0.8947431445121765,1.0,0.9624031782150269,0.9163196682929993,0.8886964321136475,0.8420568108558655,0.8452898263931274,0.8238306641578674,0.8143189549446106,0.8017134666442871,0.7855228185653687,0.774836540222168,0.7511460185050964],[0.6510868072509766,0.7109038829803467,0.788971483707428,0.889680027961731,0.9624031782150269,1.0,0.9581896066665649,0.9287627935409546,0.866365373134613,0.8690736293792725,0.8539990186691284,0.8461288809776306,0.8339270949363708,0.8169364929199219,0.8051613569259644,0.7848960757255554],[0.663390576839447,0.7216905951499939,0.7955973148345947,0.8747238516807556,0.9163196682929993,0.9581896066665649,1.0,0.9739589095115662,0.8978977203369141,0.9006909132003784,0.8826183676719666,0.8730280995368958,0.8617677092552185,0.8475585579872131,0.8372271656990051,0.8158183097839355],[0.6742965579032898,0.7248626947402954,0.7930257320404053,0.861770510673523,0.8886964321136475,0.9287627935409546,0.9739589095115662,1.0000001192092896,0.9162439703941345,0.9198534488677979,0.8992854356765747,0.8900238871574402,0.8796669840812683,0.8654850125312805,0.8556729555130005,0.8311487436294556],[0.6566919684410095,0.6880365014076233,0.7399970889091492,0.8093605041503906,0.8420568108558655,0.866365373134613,0.8978977203369141,0.9162439703941345,1.0,0.967021644115448,0.9409189224243164,0.9171416759490967,0.900689959526062,0.874947190284729,0.8531569838523865,0.8188043832778931],[0.7143282890319824,0.739008367061615,0.7841519117355347,0.8283191919326782,0.8452898263931274,0.8690736293792725,0.9006909132003784,0.9198534488677979,0.967021644115448,1.0000001192092896,0.9776985049247742,0.9587095379829407,0.947420597076416,0.9257326722145081,0.9108434319496155,0.8752463459968567],[0.6648440957069397,0.6940889358520508,0.7501536011695862,0.8010217547416687,0.8238306641578674,0.8539990186691284,0.8826183676719666,0.8992854356765747,0.9409189224243164,0.9776985049247742,0.9999999403953552,0.9822332859039307,0.9709125757217407,0.9492800831794739,0.9327287077903748,0.893919050693512],[0.6574854254722595,0.6914579272270203,0.7493305206298828,0.8006519675254822,0.8143189549446106,0.8461288809776306,0.8730280995368958,0.8900238871574402,0.9171416759490967,0.9587095379829407,0.9822332859039307,1.0,0.9878555536270142,0.9676705598831177,0.9511112570762634,0.9133585095405579],[0.6466245651245117,0.6802977323532104,0.7387223839759827,0.7890148162841797,0.8017134666442871,0.8339270949363708,0.8617677092552185,0.8796669840812683,0.900689959526062,0.947420597076416,0.9709125757217407,0.9878555536270142,1.0,0.9841792583465576,0.9704801440238953,0.9290866851806641],[0.6306836009025574,0.6634979844093323,0.722816526889801,0.7726578116416931,0.7855228185653687,0.8169364929199219,0.8475585579872131,0.8654850125312805,0.874947190284729,0.9257326722145081,0.9492800831794739,0.9676705598831177,0.9841792583465576,1.0000001192092896,0.98973149061203,0.9476718306541443],[0.6342532634735107,0.6646396517753601,0.7209139466285706,0.7656493782997131,0.774836540222168,0.8051613569259644,0.8372271656990051,0.8556729555130005,0.8531569838523865,0.9108434319496155,0.9327287077903748,0.9511112570762634,0.9704801440238953,0.98973149061203,0.9999999403953552,0.9620562195777893],[0.6190191507339478,0.6471476554870605,0.6996945738792419,0.7479007244110107,0.7511460185050964,0.7848960757255554,0.8158183097839355,0.8311487436294556,0.8188043832778931,0.8752463459968567,0.893919050693512,0.9133585095405579,0.9290866851806641,0.9476718306541443,0.9620562195777893,1.0]],"type":"heatmap"}],                        {"template":{"data":{"histogram2dcontour":[{"type":"histogram2dcontour","colorbar":{"outlinewidth":0,"ticks":""},"colorscale":[[0.0,"#0d0887"],[0.1111111111111111,"#46039f"],[0.2222222222222222,"#7201a8"],[0.3333333333333333,"#9c179e"],[0.4444444444444444,"#bd3786"],[0.5555555555555556,"#d8576b"],[0.6666666666666666,"#ed7953"],[0.7777777777777778,"#fb9f3a"],[0.8888888888888888,"#fdca26"],[1.0,"#f0f921"]]}],"choropleth":[{"type":"choropleth","colorbar":{"outlinewidth":0,"ticks":""}}],"histogram2d":[{"type":"histogram2d","colorbar":{"outlinewidth":0,"ticks":""},"colorscale":[[0.0,"#0d0887"],[0.1111111111111111,"#46039f"],[0.2222222222222222,"#7201a8"],[0.3333333333333333,"#9c179e"],[0.4444444444444444,"#bd3786"],[0.5555555555555556,"#d8576b"],[0.6666666666666666,"#ed7953"],[0.7777777777777778,"#fb9f3a"],[0.8888888888888888,"#fdca26"],[1.0,"#f0f921"]]}],"heatmap":[{"type":"heatmap","colorbar":{"outlinewidth":0,"ticks":""},"colorscale":[[0.0,"#0d0887"],[0.1111111111111111,"#46039f"],[0.2222222222222222,"#7201a8"],[0.3333333333333333,"#9c179e"],[0.4444444444444444,"#bd3786"],[0.5555555555555556,"#d8576b"],[0.6666666666666666,"#ed7953"],[0.7777777777777778,"#fb9f3a"],[0.8888888888888888,"#fdca26"],[1.0,"#f0f921"]]}],"heatmapgl":[{"type":"heatmapgl","colorbar":{"outlinewidth":0,"ticks":""},"colorscale":[[0.0,"#0d0887"],[0.1111111111111111,"#46039f"],[0.2222222222222222,"#7201a8"],[0.3333333333333333,"#9c179e"],[0.4444444444444444,"#bd3786"],[0.5555555555555556,"#d8576b"],[0.6666666666666666,"#ed7953"],[0.7777777777777778,"#fb9f3a"],[0.8888888888888888,"#fdca26"],[1.0,"#f0f921"]]}],"contourcarpet":[{"type":"contourcarpet","colorbar":{"outlinewidth":0,"ticks":""}}],"contour":[{"type":"contour","colorbar":{"outlinewidth":0,"ticks":""},"colorscale":[[0.0,"#0d0887"],[0.1111111111111111,"#46039f"],[0.2222222222222222,"#7201a8"],[0.3333333333333333,"#9c179e"],[0.4444444444444444,"#bd3786"],[0.5555555555555556,"#d8576b"],[0.6666666666666666,"#ed7953"],[0.7777777777777778,"#fb9f3a"],[0.8888888888888888,"#fdca26"],[1.0,"#f0f921"]]}],"surface":[{"type":"surface","colorbar":{"outlinewidth":0,"ticks":""},"colorscale":[[0.0,"#0d0887"],[0.1111111111111111,"#46039f"],[0.2222222222222222,"#7201a8"],[0.3333333333333333,"#9c179e"],[0.4444444444444444,"#bd3786"],[0.5555555555555556,"#d8576b"],[0.6666666666666666,"#ed7953"],[0.7777777777777778,"#fb9f3a"],[0.8888888888888888,"#fdca26"],[1.0,"#f0f921"]]}],"mesh3d":[{"type":"mesh3d","colorbar":{"outlinewidth":0,"ticks":""}}],"scatter":[{"fillpattern":{"fillmode":"overlay","size":10,"solidity":0.2},"type":"scatter"}],"parcoords":[{"type":"parcoords","line":{"colorbar":{"outlinewidth":0,"ticks":""}}}],"scatterpolargl":[{"type":"scatterpolargl","marker":{"colorbar":{"outlinewidth":0,"ticks":""}}}],"bar":[{"error_x":{"color":"#2a3f5f"},"error_y":{"color":"#2a3f5f"},"marker":{"line":{"color":"#E5ECF6","width":0.5},"pattern":{"fillmode":"overlay","size":10,"solidity":0.2}},"type":"bar"}],"scattergeo":[{"type":"scattergeo","marker":{"colorbar":{"outlinewidth":0,"ticks":""}}}],"scatterpolar":[{"type":"scatterpolar","marker":{"colorbar":{"outlinewidth":0,"ticks":""}}}],"histogram":[{"marker":{"pattern":{"fillmode":"overlay","size":10,"solidity":0.2}},"type":"histogram"}],"scattergl":[{"type":"scattergl","marker":{"colorbar":{"outlinewidth":0,"ticks":""}}}],"scatter3d":[{"type":"scatter3d","line":{"colorbar":{"outlinewidth":0,"ticks":""}},"marker":{"colorbar":{"outlinewidth":0,"ticks":""}}}],"scattermapbox":[{"type":"scattermapbox","marker":{"colorbar":{"outlinewidth":0,"ticks":""}}}],"scatterternary":[{"type":"scatterternary","marker":{"colorbar":{"outlinewidth":0,"ticks":""}}}],"scattercarpet":[{"type":"scattercarpet","marker":{"colorbar":{"outlinewidth":0,"ticks":""}}}],"carpet":[{"aaxis":{"endlinecolor":"#2a3f5f","gridcolor":"white","linecolor":"white","minorgridcolor":"white","startlinecolor":"#2a3f5f"},"baxis":{"endlinecolor":"#2a3f5f","gridcolor":"white","linecolor":"white","minorgridcolor":"white","startlinecolor":"#2a3f5f"},"type":"carpet"}],"table":[{"cells":{"fill":{"color":"#EBF0F8"},"line":{"color":"white"}},"header":{"fill":{"color":"#C8D4E3"},"line":{"color":"white"}},"type":"table"}],"barpolar":[{"marker":{"line":{"color":"#E5ECF6","width":0.5},"pattern":{"fillmode":"overlay","size":10,"solidity":0.2}},"type":"barpolar"}],"pie":[{"automargin":true,"type":"pie"}]},"layout":{"autotypenumbers":"strict","colorway":["#636efa","#EF553B","#00cc96","#ab63fa","#FFA15A","#19d3f3","#FF6692","#B6E880","#FF97FF","#FECB52"],"font":{"color":"#2a3f5f"},"hovermode":"closest","hoverlabel":{"align":"left"},"paper_bgcolor":"white","plot_bgcolor":"#E5ECF6","polar":{"bgcolor":"#E5ECF6","angularaxis":{"gridcolor":"white","linecolor":"white","ticks":""},"radialaxis":{"gridcolor":"white","linecolor":"white","ticks":""}},"ternary":{"bgcolor":"#E5ECF6","aaxis":{"gridcolor":"white","linecolor":"white","ticks":""},"baxis":{"gridcolor":"white","linecolor":"white","ticks":""},"caxis":{"gridcolor":"white","linecolor":"white","ticks":""}},"coloraxis":{"colorbar":{"outlinewidth":0,"ticks":""}},"colorscale":{"sequential":[[0.0,"#0d0887"],[0.1111111111111111,"#46039f"],[0.2222222222222222,"#7201a8"],[0.3333333333333333,"#9c179e"],[0.4444444444444444,"#bd3786"],[0.5555555555555556,"#d8576b"],[0.6666666666666666,"#ed7953"],[0.7777777777777778,"#fb9f3a"],[0.8888888888888888,"#fdca26"],[1.0,"#f0f921"]],"sequentialminus":[[0.0,"#0d0887"],[0.1111111111111111,"#46039f"],[0.2222222222222222,"#7201a8"],[0.3333333333333333,"#9c179e"],[0.4444444444444444,"#bd3786"],[0.5555555555555556,"#d8576b"],[0.6666666666666666,"#ed7953"],[0.7777777777777778,"#fb9f3a"],[0.8888888888888888,"#fdca26"],[1.0,"#f0f921"]],"diverging":[[0,"#8e0152"],[0.1,"#c51b7d"],[0.2,"#de77ae"],[0.3,"#f1b6da"],[0.4,"#fde0ef"],[0.5,"#f7f7f7"],[0.6,"#e6f5d0"],[0.7,"#b8e186"],[0.8,"#7fbc41"],[0.9,"#4d9221"],[1,"#276419"]]},"xaxis":{"gridcolor":"white","linecolor":"white","ticks":"","title":{"standoff":15},"zerolinecolor":"white","automargin":true,"zerolinewidth":2},"yaxis":{"gridcolor":"white","linecolor":"white","ticks":"","title":{"standoff":15},"zerolinecolor":"white","automargin":true,"zerolinewidth":2},"scene":{"xaxis":{"backgroundcolor":"#E5ECF6","gridcolor":"white","linecolor":"white","showbackground":true,"ticks":"","zerolinecolor":"white","gridwidth":2},"yaxis":{"backgroundcolor":"#E5ECF6","gridcolor":"white","linecolor":"white","showbackground":true,"ticks":"","zerolinecolor":"white","gridwidth":2},"zaxis":{"backgroundcolor":"#E5ECF6","gridcolor":"white","linecolor":"white","showbackground":true,"ticks":"","zerolinecolor":"white","gridwidth":2}},"shapedefaults":{"line":{"color":"#2a3f5f"}},"annotationdefaults":{"arrowcolor":"#2a3f5f","arrowhead":0,"arrowwidth":1},"geo":{"bgcolor":"white","landcolor":"#E5ECF6","subunitcolor":"white","showland":true,"showlakes":true,"lakecolor":"white"},"title":{"x":0.05},"mapbox":{"style":"light"}}},"margin":{"l":60,"r":40,"t":60,"b":60},"title":{"text":"CKA within: meta-llama\u002fLlama-3.2-1B [en]"},"xaxis":{"title":{"text":"Layer (X)"}},"yaxis":{"title":{"text":"Layer (Y)"}}},                        {"responsive": true}                    )                };                            </script>        </div>
</body>
</html>