{
  "matrix": [
    [
      1.0,
      0.9430733919143677,
      0.8753789663314819,
      0.7595752477645874,
      0.6663252115249634,
      0.6510868072509766,
      0.663390576839447,
      0.6742965579032898,
      0.6566919684410095,
      0.7143282890319824,
      0.6648440957069397,
      0.6574854254722595,
      0.6466245651245117,
      0.6306836009025574,
      0.6342532634735107,
      0.6190191507339478
    ],
    [
      0.9430733919143677,
      1.0000001192092896,
      0.9465715289115906,
      0.828850507736206,
      0.7220929861068726,
      0.7109038829803467,
      0.7216905951499939,
      0.7248626947402954,
      0.6880365014076233,
      0.739008367061615,
      0.6940889358520508,
      0.6914579272270203,
      0.6802977323532104,
      0.6634979844093323,
      0.6646396517753601,
      0.6471476554870605
    ],
    [
      0.8753789663314819,
      0.9465715289115906,
      1.0000001192092896,
      0.9000973701477051,
      0.7934101819992065,
      0.788971483707428,
      0.7955973148345947,
      0.7930257320404053,
      0.7399970889091492,
      0.7841519117355347,
      0.7501536011695862,
      0.7493305206298828,
      0.7387223839759827,
      0.722816526889801,
      0.7209139466285706,
      0.6996945738792419
    ],
    [
      0.7595752477645874,
      0.828850507736206,
      0.9000973701477051,
      1.0000001192092896,
      0.8947431445121765,
      0.889680027961731,
      0.8747238516807556,
      0.861770510673523,
      0.8093605041503906,
      0.8283191919326782,
      0.8010217547416687,
      0.8006519675254822,
      0.7890148162841797,
      0.7726578116416931,
      0.7656493782997131,
      0.7479007244110107
    ],
    [
      0.6663252115249634,
      0.7220929861068726,
      0.7934101819992065,
      0.8947431445121765,
      1.0,
      0.9624031782150269,
      0.9163196682929993,
      0.8886964321136475,
      0.8420568108558655,
      0.8452898263931274,
      0.8238306641578674,
      0.8143189549446106,
      0.8017134666442871,
      0.7855228185653687,
      0.774836540222168,
      0.7511460185050964
    ],
    [
      0.6510868072509766,
      0.7109038829803467,
      0.788971483707428,
      0.889680027961731,
      0.9624031782150269,
      1.0,
      0.9581896066665649,
      0.9287627935409546,
      0.866365373134613,
      0.8690736293792725,
      0.8539990186691284,
      0.8461288809776306,
      0.8339270949363708,
      0.8169364929199219,
      0.8051613569259644,
      0.7848960757255554
    ],
    [
      0.663390576839447,
      0.7216905951499939,
      0.7955973148345947,
      0.8747238516807556,
      0.9163196682929993,
      0.9581896066665649,
      1.0,
      0.9739589095115662,
      0.8978977203369141,
      0.9006909132003784,
      0.8826183676719666,
      0.8730280995368958,
      0.8617677092552185,
      0.8475585579872131,
      0.8372271656990051,
      0.8158183097839355
    ],
    [
      0.6742965579032898,
      0.7248626947402954,
      0.7930257320404053,
      0.861770510673523,
      0.8886964321136475,
      0.9287627935409546,
      0.9739589095115662,
      1.0000001192092896,
      0.9162439703941345,
      0.9198534488677979,
      0.8992854356765747,
      0.8900238871574402,
      0.8796669840812683,
      0.8654850125312805,
      0.8556729555130005,
      0.8311487436294556
    ],
    [
      0.6566919684410095,
      0.6880365014076233,
      0.7399970889091492,
      0.8093605041503906,
      0.8420568108558655,
      0.866365373134613,
      0.8978977203369141,
      0.9162439703941345,
      1.0,
      0.967021644115448,
      0.9409189224243164,
      0.9171416759490967,
      0.900689959526062,
      0.874947190284729,
      0.8531569838523865,
      0.8188043832778931
    ],
    [
      0.7143282890319824,
      0.739008367061615,
      0.7841519117355347,
      0.8283191919326782,
      0.8452898263931274,
      0.8690736293792725,
      0.9006909132003784,
      0.9198534488677979,
      0.967021644115448,
      1.0000001192092896,
      0.9776985049247742,
      0.9587095379829407,
      0.947420597076416,
      0.9257326722145081,
      0.9108434319496155,
      0.8752463459968567
    ],
    [
      0.6648440957069397,
      0.6940889358520508,
      0.7501536011695862,
      0.8010217547416687,
      0.8238306641578674,
      0.8539990186691284,
      0.8826183676719666,
      0.8992854356765747,
      0.9409189224243164,
      0.9776985049247742,
      0.9999999403953552,
      0.9822332859039307,
      0.9709125757217407,
      0.9492800831794739,
      0.9327287077903748,
      0.893919050693512
    ],
    [
      0.6574854254722595,
      0.6914579272270203,
      0.7493305206298828,
      0.8006519675254822,
      0.8143189549446106,
      0.8461288809776306,
      0.8730280995368958,
      0.8900238871574402,
      0.9171416759490967,
      0.9587095379829407,
      0.9822332859039307,
      1.0,
      0.9878555536270142,
      0.9676705598831177,
      0.9511112570762634,
      0.9133585095405579
    ],
    [
      0.6466245651245117,
      0.6802977323532104,
      0.7387223839759827,
      0.7890148162841797,
      0.8017134666442871,
      0.8339270949363708,
      0.8617677092552185,
      0.8796669840812683,
      0.900689959526062,
      0.947420597076416,
      0.9709125757217407,
      0.9878555536270142,
      1.0,
      0.9841792583465576,
      0.9704801440238953,
      0.9290866851806641
    ],
    [
      0.6306836009025574,
      0.6634979844093323,
      0.722816526889801,
      0.7726578116416931,
      0.7855228185653687,
      0.8169364929199219,
      0.8475585579872131,
      0.8654850125312805,
      0.874947190284729,
      0.9257326722145081,
      0.9492800831794739,
      0.9676705598831177,
      0.9841792583465576,
      1.0000001192092896,
      0.98973149061203,
      0.9476718306541443
    ],
    [
      0.6342532634735107,
      0.6646396517753601,
      0.7209139466285706,
      0.7656493782997131,
      0.774836540222168,
      0.8051613569259644,
      0.8372271656990051,
      0.8556729555130005,
      0.8531569838523865,
      0.9108434319496155,
      0.9327287077903748,
      0.9511112570762634,
      0.9704801440238953,
      0.98973149061203,
      0.9999999403953552,
      0.9620562195777893
    ],
    [
      0.6190191507339478,
      0.6471476554870605,
      0.6996945738792419,
      0.7479007244110107,
      0.7511460185050964,
      0.7848960757255554,
      0.8158183097839355,
      0.8311487436294556,
      0.8188043832778931,
      0.8752463459968567,
      0.893919050693512,
      0.9133585095405579,
      0.9290866851806641,
      0.9476718306541443,
      0.9620562195777893,
      1.0
    ]
  ],
  "x_labels": [
    "L1",
    "L2",
    "L3",
    "L4",
    "L5",
    "L6",
    "L7",
    "L8",
    "L9",
    "L10",
    "L11",
    "L12",
    "L13",
    "L14",
    "L15",
    "L16"
  ],
  "y_labels": [
    "L1",
    "L2",
    "L3",
    "L4",
    "L5",
    "L6",
    "L7",
    "L8",
    "L9",
    "L10",
    "L11",
    "L12",
    "L13",
    "L14",
    "L15",
    "L16"
  ],
  "metric": "cka",
  "title": "CKA within: meta-llama/Llama-3.2-1B [en]",
  "model_a": "meta-llama/Llama-3.2-1B",
  "model_b": null,
  "info": {}
}