<html>
<head><meta charset="utf-8" /></head>
<body>
    <div>                        <script type="text/javascript">window.PlotlyConfig = {MathJaxConfig: 'local'};</script>
        <script charset="utf-8" src="https://cdn.plot.ly/plotly-2.32.0.min.js"></script>                <div id="b758c16c-7a44-4ceb-85ae-48eda5cedafc" class="plotly-graph-div" style="height:100%; width:100%;"></div>            <script type="text/javascript">                                    window.PLOTLYENV=window.PLOTLYENV || {};                                    if (document.getElementById("b758c16c-7a44-4ceb-85ae-48eda5cedafc")) {                    Plotly.newPlot(                        "b758c16c-7a44-4ceb-85ae-48eda5cedafc",                        [{"colorscale":[[0.0,"#440154"],[0.1111111111111111,"#482878"],[0.2222222222222222,"#3e4989"],[0.3333333333333333,"#31688e"],[0.4444444444444444,"#26828e"],[0.5555555555555556,"#1f9e89"],[0.6666666666666666,"#35b779"],[0.7777777777777778,"#6ece58"],[0.8888888888888888,"#b5de2b"],[1.0,"#fde725"]],"x":["L1","L2","L3","L4","L5","L6","L7","L8","L9","L10","L11","L12","L13","L14","L15","L16"],"y":["L1","L2","L3","L4","L5","L6","L7","L8","L9","L10","L11","L12","L13","L14","L15","L16"],"z":[[0.9999840259552002,0.90196692943573,0.7895665764808655,0.6218016147613525,0.5386906862258911,0.4999604821205139,0.5024211406707764,0.5033013820648193,0.5065835118293762,0.5669241547584534,0.5078731775283813,0.4731144607067108,0.45903781056404114,0.44349750876426697,0.4634608030319214,0.45709410309791565],[0.90196692943573,0.9999837279319763,0.9095320105552673,0.7217673659324646,0.6110644936561584,0.5730238556861877,0.5762906074523926,0.564886212348938,0.5417609810829163,0.6012365221977234,0.540302038192749,0.505763053894043,0.49672603607177734,0.48053330183029175,0.4957426190376282,0.4928155243396759],[0.7895665764808655,0.9095320105552673,0.9999840259552002,0.848777711391449,0.7190919518470764,0.6940878033638,0.6929968595504761,0.6747780442237854,0.6268839240074158,0.6771498918533325,0.634181559085846,0.6057217121124268,0.597091555595398,0.5796410441398621,0.5875663757324219,0.5752697587013245],[0.6218016147613525,0.7217673659324646,0.848777711391449,0.9999838471412659,0.8713713884353638,0.852809727191925,0.827079713344574,0.7993955612182617,0.7496325969696045,0.7689967751502991,0.7383222579956055,0.7159633636474609,0.7047829627990723,0.6852959990501404,0.6848369836807251,0.6615436673164368],[0.5386906862258911,0.6110644936561584,0.7190919518470764,0.8713713884353638,0.9999836087226868,0.946864128112793,0.8924717903137207,0.8596823811531067,0.8186192512512207,0.813595175743103,0.787844181060791,0.7648146152496338,0.751838743686676,0.7310843467712402,0.723737895488739,0.692417562007904],[0.4999604821205139,0.5730238556861877,0.6940878033638,0.852809727191925,0.946864128112793,0.9999838471412659,0.9428087472915649,0.9038237929344177,0.8403576016426086,0.8300513029098511,0.8141763210296631,0.7952833771705627,0.7813953757286072,0.7580463290214539,0.7475293874740601,0.7176192998886108],[0.5024211406707764,0.5762906074523926,0.6929968595504761,0.827079713344574,0.8924717903137207,0.9428087472915649,0.9999840259552002,0.9625516533851624,0.873352587223053,0.8610625863075256,0.8400011658668518,0.8177549839019775,0.8040546774864197,0.7847970128059387,0.7752109169960022,0.7478106021881104],[0.5033013820648193,0.564886212348938,0.6747780442237854,0.7993955612182617,0.8596823811531067,0.9038237929344177,0.9625516533851624,0.9999842047691345,0.8963254690170288,0.8839619159698486,0.8606093525886536,0.8387225866317749,0.8269389271736145,0.8081145882606506,0.7990861535072327,0.7678739428520203],[0.5065835118293762,0.5417609810829163,0.6268839240074158,0.7496325969696045,0.8186192512512207,0.8403576016426086,0.873352587223053,0.8963254690170288,0.9999838471412659,0.9606726765632629,0.9300038814544678,0.899276614189148,0.8831188082695007,0.8578513264656067,0.837063729763031,0.7917520999908447],[0.5669241547584534,0.6012365221977234,0.6771498918533325,0.7689967751502991,0.813595175743103,0.8300513029098511,0.8610625863075256,0.8839619159698486,0.9606726765632629,0.9999840259552002,0.9696371555328369,0.940970778465271,0.9274829626083374,0.9035118222236633,0.8903151154518127,0.8443328142166138],[0.5078731775283813,0.540302038192749,0.634181559085846,0.7383222579956055,0.787844181060791,0.8141763210296631,0.8400011658668518,0.8606093525886536,0.9300038814544678,0.9696371555328369,0.9999842047691345,0.9796521663665771,0.9633790254592896,0.9401227831840515,0.9205570220947266,0.8698438405990601],[0.4731144607067108,0.505763053894043,0.6057217121124268,0.7159633636474609,0.7648146152496338,0.7952833771705627,0.8177549839019775,0.8387225866317749,0.899276614189148,0.940970778465271,0.9796521663665771,0.9999837279319763,0.9848511815071106,0.9623619318008423,0.9420707821846008,0.8912791609764099],[0.45903781056404114,0.49672603607177734,0.597091555595398,0.7047829627990723,0.751838743686676,0.7813953757286072,0.8040546774864197,0.8269389271736145,0.8831188082695007,0.9274829626083374,0.9633790254592896,0.9848511815071106,0.9999839067459106,0.978576123714447,0.9593074321746826,0.9060288071632385],[0.44349750876426697,0.48053330183029175,0.5796410441398621,0.6852959990501404,0.7310843467712402,0.7580463290214539,0.7847970128059387,0.8081145882606506,0.8578513264656067,0.9035118222236633,0.9401227831840515,0.9623619318008423,0.978576123714447,0.9999838471412659,0.9836532473564148,0.9335314631462097],[0.4634608030319214,0.4957426190376282,0.5875663757324219,0.6848369836807251,0.723737895488739,0.7475293874740601,0.7752109169960022,0.7990861535072327,0.837063729763031,0.8903151154518127,0.9205570220947266,0.9420707821846008,0.9593074321746826,0.9836532473564148,0.9999840259552002,0.9561522006988525],[0.45709410309791565,0.4928155243396759,0.5752697587013245,0.6615436673164368,0.692417562007904,0.7176192998886108,0.7478106021881104,0.7678739428520203,0.7917520999908447,0.8443328142166138,0.8698438405990601,0.8912791609764099,0.9060288071632385,0.9335314631462097,0.9561522006988525,0.9999838471412659]],"type":"heatmap"}],                        {"template":{"data":{"histogram2dcontour":[{"type":"histogram2dcontour","colorbar":{"outlinewidth":0,"ticks":""},"colorscale":[[0.0,"#0d0887"],[0.1111111111111111,"#46039f"],[0.2222222222222222,"#7201a8"],[0.3333333333333333,"#9c179e"],[0.4444444444444444,"#bd3786"],[0.5555555555555556,"#d8576b"],[0.6666666666666666,"#ed7953"],[0.7777777777777778,"#fb9f3a"],[0.8888888888888888,"#fdca26"],[1.0,"#f0f921"]]}],"choropleth":[{"type":"choropleth","colorbar":{"outlinewidth":0,"ticks":""}}],"histogram2d":[{"type":"histogram2d","colorbar":{"outlinewidth":0,"ticks":""},"colorscale":[[0.0,"#0d0887"],[0.1111111111111111,"#46039f"],[0.2222222222222222,"#7201a8"],[0.3333333333333333,"#9c179e"],[0.4444444444444444,"#bd3786"],[0.5555555555555556,"#d8576b"],[0.6666666666666666,"#ed7953"],[0.7777777777777778,"#fb9f3a"],[0.8888888888888888,"#fdca26"],[1.0,"#f0f921"]]}],"heatmap":[{"type":"heatmap","colorbar":{"outlinewidth":0,"ticks":""},"colorscale":[[0.0,"#0d0887"],[0.1111111111111111,"#46039f"],[0.2222222222222222,"#7201a8"],[0.3333333333333333,"#9c179e"],[0.4444444444444444,"#bd3786"],[0.5555555555555556,"#d8576b"],[0.6666666666666666,"#ed7953"],[0.7777777777777778,"#fb9f3a"],[0.8888888888888888,"#fdca26"],[1.0,"#f0f921"]]}],"heatmapgl":[{"type":"heatmapgl","colorbar":{"outlinewidth":0,"ticks":""},"colorscale":[[0.0,"#0d0887"],[0.1111111111111111,"#46039f"],[0.2222222222222222,"#7201a8"],[0.3333333333333333,"#9c179e"],[0.4444444444444444,"#bd3786"],[0.5555555555555556,"#d8576b"],[0.6666666666666666,"#ed7953"],[0.7777777777777778,"#fb9f3a"],[0.8888888888888888,"#fdca26"],[1.0,"#f0f921"]]}],"contourcarpet":[{"type":"contourcarpet","colorbar":{"outlinewidth":0,"ticks":""}}],"contour":[{"type":"contour","colorbar":{"outlinewidth":0,"ticks":""},"colorscale":[[0.0,"#0d0887"],[0.1111111111111111,"#46039f"],[0.2222222222222222,"#7201a8"],[0.3333333333333333,"#9c179e"],[0.4444444444444444,"#bd3786"],[0.5555555555555556,"#d8576b"],[0.6666666666666666,"#ed7953"],[0.7777777777777778,"#fb9f3a"],[0.8888888888888888,"#fdca26"],[1.0,"#f0f921"]]}],"surface":[{"type":"surface","colorbar":{"outlinewidth":0,"ticks":""},"colorscale":[[0.0,"#0d0887"],[0.1111111111111111,"#46039f"],[0.2222222222222222,"#7201a8"],[0.3333333333333333,"#9c179e"],[0.4444444444444444,"#bd3786"],[0.5555555555555556,"#d8576b"],[0.6666666666666666,"#ed7953"],[0.7777777777777778,"#fb9f3a"],[0.8888888888888888,"#fdca26"],[1.0,"#f0f921"]]}],"mesh3d":[{"type":"mesh3d","colorbar":{"outlinewidth":0,"ticks":""}}],"scatter":[{"fillpattern":{"fillmode":"overlay","size":10,"solidity":0.2},"type":"scatter"}],"parcoords":[{"type":"parcoords","line":{"colorbar":{"outlinewidth":0,"ticks":""}}}],"scatterpolargl":[{"type":"scatterpolargl","marker":{"colorbar":{"outlinewidth":0,"ticks":""}}}],"bar":[{"error_x":{"color":"#2a3f5f"},"error_y":{"color":"#2a3f5f"},"marker":{"line":{"color":"#E5ECF6","width":0.5},"pattern":{"fillmode":"overlay","size":10,"solidity":0.2}},"type":"bar"}],"scattergeo":[{"type":"scattergeo","marker":{"colorbar":{"outlinewidth":0,"ticks":""}}}],"scatterpolar":[{"type":"scatterpolar","marker":{"colorbar":{"outlinewidth":0,"ticks":""}}}],"histogram":[{"marker":{"pattern":{"fillmode":"overlay","size":10,"solidity":0.2}},"type":"histogram"}],"scattergl":[{"type":"scattergl","marker":{"colorbar":{"outlinewidth":0,"ticks":""}}}],"scatter3d":[{"type":"scatter3d","line":{"colorbar":{"outlinewidth":0,"ticks":""}},"marker":{"colorbar":{"outlinewidth":0,"ticks":""}}}],"scattermapbox":[{"type":"scattermapbox","marker":{"colorbar":{"outlinewidth":0,"ticks":""}}}],"scatterternary":[{"type":"scatterternary","marker":{"colorbar":{"outlinewidth":0,"ticks":""}}}],"scattercarpet":[{"type":"scattercarpet","marker":{"colorbar":{"outlinewidth":0,"ticks":""}}}],"carpet":[{"aaxis":{"endlinecolor":"#2a3f5f","gridcolor":"white","linecolor":"white","minorgridcolor":"white","startlinecolor":"#2a3f5f"},"baxis":{"endlinecolor":"#2a3f5f","gridcolor":"white","linecolor":"white","minorgridcolor":"white","startlinecolor":"#2a3f5f"},"type":"carpet"}],"table":[{"cells":{"fill":{"color":"#EBF0F8"},"line":{"color":"white"}},"header":{"fill":{"color":"#C8D4E3"},"line":{"color":"white"}},"type":"table"}],"barpolar":[{"marker":{"line":{"color":"#E5ECF6","width":0.5},"pattern":{"fillmode":"overlay","size":10,"solidity":0.2}},"type":"barpolar"}],"pie":[{"automargin":true,"type":"pie"}]},"layout":{"autotypenumbers":"strict","colorway":["#636efa","#EF553B","#00cc96","#ab63fa","#FFA15A","#19d3f3","#FF6692","#B6E880","#FF97FF","#FECB52"],"font":{"color":"#2a3f5f"},"hovermode":"closest","hoverlabel":{"align":"left"},"paper_bgcolor":"white","plot_bgcolor":"#E5ECF6","polar":{"bgcolor":"#E5ECF6","angularaxis":{"gridcolor":"white","linecolor":"white","ticks":""},"radialaxis":{"gridcolor":"white","linecolor":"white","ticks":""}},"ternary":{"bgcolor":"#E5ECF6","aaxis":{"gridcolor":"white","linecolor":"white","ticks":""},"baxis":{"gridcolor":"white","linecolor":"white","ticks":""},"caxis":{"gridcolor":"white","linecolor":"white","ticks":""}},"coloraxis":{"colorbar":{"outlinewidth":0,"ticks":""}},"colorscale":{"sequential":[[0.0,"#0d0887"],[0.1111111111111111,"#46039f"],[0.2222222222222222,"#7201a8"],[0.3333333333333333,"#9c179e"],[0.4444444444444444,"#bd3786"],[0.5555555555555556,"#d8576b"],[0.6666666666666666,"#ed7953"],[0.7777777777777778,"#fb9f3a"],[0.8888888888888888,"#fdca26"],[1.0,"#f0f921"]],"sequentialminus":[[0.0,"#0d0887"],[0.1111111111111111,"#46039f"],[0.2222222222222222,"#7201a8"],[0.3333333333333333,"#9c179e"],[0.4444444444444444,"#bd3786"],[0.5555555555555556,"#d8576b"],[0.6666666666666666,"#ed7953"],[0.7777777777777778,"#fb9f3a"],[0.8888888888888888,"#fdca26"],[1.0,"#f0f921"]],"diverging":[[0,"#8e0152"],[0.1,"#c51b7d"],[0.2,"#de77ae"],[0.3,"#f1b6da"],[0.4,"#fde0ef"],[0.5,"#f7f7f7"],[0.6,"#e6f5d0"],[0.7,"#b8e186"],[0.8,"#7fbc41"],[0.9,"#4d9221"],[1,"#276419"]]},"xaxis":{"gridcolor":"white","linecolor":"white","ticks":"","title":{"standoff":15},"zerolinecolor":"white","automargin":true,"zerolinewidth":2},"yaxis":{"gridcolor":"white","linecolor":"white","ticks":"","title":{"standoff":15},"zerolinecolor":"white","automargin":true,"zerolinewidth":2},"scene":{"xaxis":{"backgroundcolor":"#E5ECF6","gridcolor":"white","linecolor":"white","showbackground":true,"ticks":"","zerolinecolor":"white","gridwidth":2},"yaxis":{"backgroundcolor":"#E5ECF6","gridcolor":"white","linecolor":"white","showbackground":true,"ticks":"","zerolinecolor":"white","gridwidth":2},"zaxis":{"backgroundcolor":"#E5ECF6","gridcolor":"white","linecolor":"white","showbackground":true,"ticks":"","zerolinecolor":"white","gridwidth":2}},"shapedefaults":{"line":{"color":"#2a3f5f"}},"annotationdefaults":{"arrowcolor":"#2a3f5f","arrowhead":0,"arrowwidth":1},"geo":{"bgcolor":"white","landcolor":"#E5ECF6","subunitcolor":"white","showland":true,"showlakes":true,"lakecolor":"white"},"title":{"x":0.05},"mapbox":{"style":"light"}}},"margin":{"l":60,"r":40,"t":60,"b":60},"title":{"text":"RSA (Spearman, 1\u2212corr) within: meta-llama\u002fLlama-3.2-1B [en]"},"xaxis":{"title":{"text":"Layer (X)"}},"yaxis":{"title":{"text":"Layer (Y)"}}},                        {"responsive": true}                    )                };                            </script>        </div>
</body>
</html>