<html>
<head><meta charset="utf-8" /></head>
<body>
    <div>                        <script type="text/javascript">window.PlotlyConfig = {MathJaxConfig: 'local'};</script>
        <script charset="utf-8" src="https://cdn.plot.ly/plotly-2.32.0.min.js"></script>                <div id="9c159dda-1038-42ae-92fd-c3c5c5add37f" class="plotly-graph-div" style="height:100%; width:100%;"></div>            <script type="text/javascript">                                    window.PLOTLYENV=window.PLOTLYENV || {};                                    if (document.getElementById("9c159dda-1038-42ae-92fd-c3c5c5add37f")) {                    Plotly.newPlot(                        "9c159dda-1038-42ae-92fd-c3c5c5add37f",                        [{"colorscale":[[0.0,"#440154"],[0.1111111111111111,"#482878"],[0.2222222222222222,"#3e4989"],[0.3333333333333333,"#31688e"],[0.4444444444444444,"#26828e"],[0.5555555555555556,"#1f9e89"],[0.6666666666666666,"#35b779"],[0.7777777777777778,"#6ece58"],[0.8888888888888888,"#b5de2b"],[1.0,"#fde725"]],"x":["L1","L2","L3","L4","L5","L6","L7","L8","L9","L10","L11","L12","L13","L14","L15","L16"],"y":["L1","L2","L3","L4","L5","L6","L7","L8","L9","L10","L11","L12","L13","L14","L15","L16"],"z":[[0.9999839067459106,0.9018410444259644,0.7895249128341675,0.6213786602020264,0.5388879776000977,0.499862402677536,0.5021798610687256,0.5030966997146606,0.5071777105331421,0.5669138431549072,0.5077455043792725,0.4728986322879791,0.4588838219642639,0.4436742067337036,0.46379438042640686,0.45737919211387634],[0.9018410444259644,0.9999836087226868,0.9095689058303833,0.7214316725730896,0.6112026572227478,0.5729534029960632,0.5761119723320007,0.5646882653236389,0.5423128008842468,0.6012595295906067,0.5402073860168457,0.5055617690086365,0.49656301736831665,0.4806675314903259,0.49599677324295044,0.4930308759212494],[0.7895249128341675,0.9095689058303833,0.9999840259552002,0.8485525250434875,0.7191649079322815,0.6940463781356812,0.6928707361221313,0.6746820211410522,0.6273593902587891,0.6772224307060242,0.6341506838798523,0.6055757999420166,0.5969895124435425,0.5797930359840393,0.5878071784973145,0.5755158066749573],[0.6213786602020264,0.7214316725730896,0.8485525250434875,0.9999837279319763,0.8712947964668274,0.8527864217758179,0.8269825577735901,0.7991514205932617,0.7497933506965637,0.7689196467399597,0.7382566928863525,0.7157908082008362,0.7046881318092346,0.685347855091095,0.6848247647285461,0.6616032123565674],[0.5388879776000977,0.6112026572227478,0.7191649079322815,0.8712947964668274,0.9999839067459106,0.9468193650245667,0.8924867510795593,0.8595761656761169,0.8188018798828125,0.8136231303215027,0.7877921462059021,0.7646249532699585,0.7517428398132324,0.7310872077941895,0.7237092852592468,0.6924728155136108],[0.499862402677536,0.5729534029960632,0.6940463781356812,0.8527864217758179,0.9468193650245667,0.9999840259552002,0.9429001808166504,0.9037730097770691,0.8405115008354187,0.8300914168357849,0.8141635060310364,0.7951807379722595,0.7813987731933594,0.7581422328948975,0.7475452423095703,0.717761754989624],[0.5021798610687256,0.5761119723320007,0.6928707361221313,0.8269825577735901,0.8924867510795593,0.9429001808166504,0.9999838471412659,0.9624865651130676,0.8733848929405212,0.8610228300094604,0.8398996591567993,0.8176060914993286,0.8040371537208557,0.784880518913269,0.7752739191055298,0.7480653524398804],[0.5030966997146606,0.5646882653236389,0.6746820211410522,0.7991514205932617,0.8595761656761169,0.9037730097770691,0.9624865651130676,0.9999840259552002,0.8962526321411133,0.8838627934455872,0.8604941964149475,0.8386293649673462,0.8269197344779968,0.8082282543182373,0.799211859703064,0.7682469487190247],[0.5071777105331421,0.5423128008842468,0.6273593902587891,0.7497933506965637,0.8188018798828125,0.8405115008354187,0.8733848929405212,0.8962526321411133,0.9999840259552002,0.9608064889907837,0.9301432371139526,0.8993480801582336,0.883280336856842,0.858039915561676,0.8372926115989685,0.7921069860458374],[0.5669138431549072,0.6012595295906067,0.6772224307060242,0.7689196467399597,0.8136231303215027,0.8300914168357849,0.8610228300094604,0.8838627934455872,0.9608064889907837,0.9999838471412659,0.9696252942085266,0.9408872723579407,0.9274555444717407,0.9035521149635315,0.890364944934845,0.8444094657897949],[0.5077455043792725,0.5402073860168457,0.6341506838798523,0.7382566928863525,0.7877921462059021,0.8141635060310364,0.8398996591567993,0.8604941964149475,0.9301432371139526,0.9696252942085266,0.9999842047691345,0.9795883297920227,0.9633437991142273,0.9401658177375793,0.9205594658851624,0.8698740601539612],[0.4728986322879791,0.5055617690086365,0.6055757999420166,0.7157908082008362,0.7646249532699585,0.7951807379722595,0.8176060914993286,0.8386293649673462,0.8993480801582336,0.9408872723579407,0.9795883297920227,0.9999838471412659,0.9848564863204956,0.9624051451683044,0.9420806765556335,0.8913126587867737],[0.4588838219642639,0.49656301736831665,0.5969895124435425,0.7046881318092346,0.7517428398132324,0.7813987731933594,0.8040371537208557,0.8269197344779968,0.883280336856842,0.9274555444717407,0.9633437991142273,0.9848564863204956,0.9999840259552002,0.97858726978302,0.9592664241790771,0.905975878238678],[0.4436742067337036,0.4806675314903259,0.5797930359840393,0.685347855091095,0.7310872077941895,0.7581422328948975,0.784880518913269,0.8082282543182373,0.858039915561676,0.9035521149635315,0.9401658177375793,0.9624051451683044,0.97858726978302,0.9999837279319763,0.9836621880531311,0.9335582256317139],[0.46379438042640686,0.49599677324295044,0.5878071784973145,0.6848247647285461,0.7237092852592468,0.7475452423095703,0.7752739191055298,0.799211859703064,0.8372926115989685,0.890364944934845,0.9205594658851624,0.9420806765556335,0.9592664241790771,0.9836621880531311,0.9999839067459106,0.9561886191368103],[0.45737919211387634,0.4930308759212494,0.5755158066749573,0.6616032123565674,0.6924728155136108,0.717761754989624,0.7480653524398804,0.7682469487190247,0.7921069860458374,0.8444094657897949,0.8698740601539612,0.8913126587867737,0.905975878238678,0.9335582256317139,0.9561886191368103,0.9999841451644897]],"type":"heatmap"}],                        {"template":{"data":{"histogram2dcontour":[{"type":"histogram2dcontour","colorbar":{"outlinewidth":0,"ticks":""},"colorscale":[[0.0,"#0d0887"],[0.1111111111111111,"#46039f"],[0.2222222222222222,"#7201a8"],[0.3333333333333333,"#9c179e"],[0.4444444444444444,"#bd3786"],[0.5555555555555556,"#d8576b"],[0.6666666666666666,"#ed7953"],[0.7777777777777778,"#fb9f3a"],[0.8888888888888888,"#fdca26"],[1.0,"#f0f921"]]}],"choropleth":[{"type":"choropleth","colorbar":{"outlinewidth":0,"ticks":""}}],"histogram2d":[{"type":"histogram2d","colorbar":{"outlinewidth":0,"ticks":""},"colorscale":[[0.0,"#0d0887"],[0.1111111111111111,"#46039f"],[0.2222222222222222,"#7201a8"],[0.3333333333333333,"#9c179e"],[0.4444444444444444,"#bd3786"],[0.5555555555555556,"#d8576b"],[0.6666666666666666,"#ed7953"],[0.7777777777777778,"#fb9f3a"],[0.8888888888888888,"#fdca26"],[1.0,"#f0f921"]]}],"heatmap":[{"type":"heatmap","colorbar":{"outlinewidth":0,"ticks":""},"colorscale":[[0.0,"#0d0887"],[0.1111111111111111,"#46039f"],[0.2222222222222222,"#7201a8"],[0.3333333333333333,"#9c179e"],[0.4444444444444444,"#bd3786"],[0.5555555555555556,"#d8576b"],[0.6666666666666666,"#ed7953"],[0.7777777777777778,"#fb9f3a"],[0.8888888888888888,"#fdca26"],[1.0,"#f0f921"]]}],"heatmapgl":[{"type":"heatmapgl","colorbar":{"outlinewidth":0,"ticks":""},"colorscale":[[0.0,"#0d0887"],[0.1111111111111111,"#46039f"],[0.2222222222222222,"#7201a8"],[0.3333333333333333,"#9c179e"],[0.4444444444444444,"#bd3786"],[0.5555555555555556,"#d8576b"],[0.6666666666666666,"#ed7953"],[0.7777777777777778,"#fb9f3a"],[0.8888888888888888,"#fdca26"],[1.0,"#f0f921"]]}],"contourcarpet":[{"type":"contourcarpet","colorbar":{"outlinewidth":0,"ticks":""}}],"contour":[{"type":"contour","colorbar":{"outlinewidth":0,"ticks":""},"colorscale":[[0.0,"#0d0887"],[0.1111111111111111,"#46039f"],[0.2222222222222222,"#7201a8"],[0.3333333333333333,"#9c179e"],[0.4444444444444444,"#bd3786"],[0.5555555555555556,"#d8576b"],[0.6666666666666666,"#ed7953"],[0.7777777777777778,"#fb9f3a"],[0.8888888888888888,"#fdca26"],[1.0,"#f0f921"]]}],"surface":[{"type":"surface","colorbar":{"outlinewidth":0,"ticks":""},"colorscale":[[0.0,"#0d0887"],[0.1111111111111111,"#46039f"],[0.2222222222222222,"#7201a8"],[0.3333333333333333,"#9c179e"],[0.4444444444444444,"#bd3786"],[0.5555555555555556,"#d8576b"],[0.6666666666666666,"#ed7953"],[0.7777777777777778,"#fb9f3a"],[0.8888888888888888,"#fdca26"],[1.0,"#f0f921"]]}],"mesh3d":[{"type":"mesh3d","colorbar":{"outlinewidth":0,"ticks":""}}],"scatter":[{"fillpattern":{"fillmode":"overlay","size":10,"solidity":0.2},"type":"scatter"}],"parcoords":[{"type":"parcoords","line":{"colorbar":{"outlinewidth":0,"ticks":""}}}],"scatterpolargl":[{"type":"scatterpolargl","marker":{"colorbar":{"outlinewidth":0,"ticks":""}}}],"bar":[{"error_x":{"color":"#2a3f5f"},"error_y":{"color":"#2a3f5f"},"marker":{"line":{"color":"#E5ECF6","width":0.5},"pattern":{"fillmode":"overlay","size":10,"solidity":0.2}},"type":"bar"}],"scattergeo":[{"type":"scattergeo","marker":{"colorbar":{"outlinewidth":0,"ticks":""}}}],"scatterpolar":[{"type":"scatterpolar","marker":{"colorbar":{"outlinewidth":0,"ticks":""}}}],"histogram":[{"marker":{"pattern":{"fillmode":"overlay","size":10,"solidity":0.2}},"type":"histogram"}],"scattergl":[{"type":"scattergl","marker":{"colorbar":{"outlinewidth":0,"ticks":""}}}],"scatter3d":[{"type":"scatter3d","line":{"colorbar":{"outlinewidth":0,"ticks":""}},"marker":{"colorbar":{"outlinewidth":0,"ticks":""}}}],"scattermapbox":[{"type":"scattermapbox","marker":{"colorbar":{"outlinewidth":0,"ticks":""}}}],"scatterternary":[{"type":"scatterternary","marker":{"colorbar":{"outlinewidth":0,"ticks":""}}}],"scattercarpet":[{"type":"scattercarpet","marker":{"colorbar":{"outlinewidth":0,"ticks":""}}}],"carpet":[{"aaxis":{"endlinecolor":"#2a3f5f","gridcolor":"white","linecolor":"white","minorgridcolor":"white","startlinecolor":"#2a3f5f"},"baxis":{"endlinecolor":"#2a3f5f","gridcolor":"white","linecolor":"white","minorgridcolor":"white","startlinecolor":"#2a3f5f"},"type":"carpet"}],"table":[{"cells":{"fill":{"color":"#EBF0F8"},"line":{"color":"white"}},"header":{"fill":{"color":"#C8D4E3"},"line":{"color":"white"}},"type":"table"}],"barpolar":[{"marker":{"line":{"color":"#E5ECF6","width":0.5},"pattern":{"fillmode":"overlay","size":10,"solidity":0.2}},"type":"barpolar"}],"pie":[{"automargin":true,"type":"pie"}]},"layout":{"autotypenumbers":"strict","colorway":["#636efa","#EF553B","#00cc96","#ab63fa","#FFA15A","#19d3f3","#FF6692","#B6E880","#FF97FF","#FECB52"],"font":{"color":"#2a3f5f"},"hovermode":"closest","hoverlabel":{"align":"left"},"paper_bgcolor":"white","plot_bgcolor":"#E5ECF6","polar":{"bgcolor":"#E5ECF6","angularaxis":{"gridcolor":"white","linecolor":"white","ticks":""},"radialaxis":{"gridcolor":"white","linecolor":"white","ticks":""}},"ternary":{"bgcolor":"#E5ECF6","aaxis":{"gridcolor":"white","linecolor":"white","ticks":""},"baxis":{"gridcolor":"white","linecolor":"white","ticks":""},"caxis":{"gridcolor":"white","linecolor":"white","ticks":""}},"coloraxis":{"colorbar":{"outlinewidth":0,"ticks":""}},"colorscale":{"sequential":[[0.0,"#0d0887"],[0.1111111111111111,"#46039f"],[0.2222222222222222,"#7201a8"],[0.3333333333333333,"#9c179e"],[0.4444444444444444,"#bd3786"],[0.5555555555555556,"#d8576b"],[0.6666666666666666,"#ed7953"],[0.7777777777777778,"#fb9f3a"],[0.8888888888888888,"#fdca26"],[1.0,"#f0f921"]],"sequentialminus":[[0.0,"#0d0887"],[0.1111111111111111,"#46039f"],[0.2222222222222222,"#7201a8"],[0.3333333333333333,"#9c179e"],[0.4444444444444444,"#bd3786"],[0.5555555555555556,"#d8576b"],[0.6666666666666666,"#ed7953"],[0.7777777777777778,"#fb9f3a"],[0.8888888888888888,"#fdca26"],[1.0,"#f0f921"]],"diverging":[[0,"#8e0152"],[0.1,"#c51b7d"],[0.2,"#de77ae"],[0.3,"#f1b6da"],[0.4,"#fde0ef"],[0.5,"#f7f7f7"],[0.6,"#e6f5d0"],[0.7,"#b8e186"],[0.8,"#7fbc41"],[0.9,"#4d9221"],[1,"#276419"]]},"xaxis":{"gridcolor":"white","linecolor":"white","ticks":"","title":{"standoff":15},"zerolinecolor":"white","automargin":true,"zerolinewidth":2},"yaxis":{"gridcolor":"white","linecolor":"white","ticks":"","title":{"standoff":15},"zerolinecolor":"white","automargin":true,"zerolinewidth":2},"scene":{"xaxis":{"backgroundcolor":"#E5ECF6","gridcolor":"white","linecolor":"white","showbackground":true,"ticks":"","zerolinecolor":"white","gridwidth":2},"yaxis":{"backgroundcolor":"#E5ECF6","gridcolor":"white","linecolor":"white","showbackground":true,"ticks":"","zerolinecolor":"white","gridwidth":2},"zaxis":{"backgroundcolor":"#E5ECF6","gridcolor":"white","linecolor":"white","showbackground":true,"ticks":"","zerolinecolor":"white","gridwidth":2}},"shapedefaults":{"line":{"color":"#2a3f5f"}},"annotationdefaults":{"arrowcolor":"#2a3f5f","arrowhead":0,"arrowwidth":1},"geo":{"bgcolor":"white","landcolor":"#E5ECF6","subunitcolor":"white","showland":true,"showlakes":true,"lakecolor":"white"},"title":{"x":0.05},"mapbox":{"style":"light"}}},"margin":{"l":60,"r":40,"t":60,"b":60},"title":{"text":"RSA (Spearman, 1\u2212cos) within: meta-llama\u002fLlama-3.2-1B [en]"},"xaxis":{"title":{"text":"Layer (X)"}},"yaxis":{"title":{"text":"Layer (Y)"}}},                        {"responsive": true}                    )                };                            </script>        </div>
</body>
</html>